c 9877 vertices
c 25973 edges
c 25973 edges after de-duplication
s vc 9877 4981
2
3
4
5
6
9
10
11
12
14
15
16
18
20
22
24
25
26
27
28
29
30
31
37
40
41
43
45
46
47
48
50
51
53
54
56
58
59
61
62
64
65
66
69
71
72
73
74
75
77
78
79
81
82
83
86
87
88
89
90
91
92
93
94
95
97
98
99
102
103
105
107
109
110
112
113
115
116
118
120
121
123
124
126
127
129
130
131
132
133
135
136
138
139
141
142
143
144
146
148
152
153
154
155
156
157
159
160
162
165
166
167
168
169
170
171
172
173
174
175
176
177
178
179
180
181
182
183
184
185
186
187
188
189
190
191
192
193
194
195
197
199
201
202
204
205
207
208
209
210
211
212
215
216
217
219
220
221
222
223
225
226
228
230
231
232
234
235
236
238
239
241
242
243
244
245
247
248
249
251
252
253
255
257
258
259
262
263
265
266
267
268
272
273
275
276
277
278
279
280
281
283
286
290
291
292
294
295
296
297
298
299
302
303
304
305
306
307
309
310
311
313
315
317
320
323
324
326
328
329
330
331
332
335
336
337
338
339
340
344
346
349
351
352
354
355
357
359
362
363
364
365
368
370
371
372
373
375
377
378
380
381
382
384
385
387
390
392
394
397
398
399
401
402
403
404
406
409
410
411
412
414
415
416
418
419
421
422
423
424
426
427
431
433
434
435
436
437
438
440
442
444
446
448
449
450
452
453
454
455
457
458
459
460
461
462
464
465
466
467
468
471
472
473
474
476
477
479
480
482
483
485
486
487
489
490
493
494
496
497
499
500
501
502
504
505
506
508
509
510
511
513
515
516
518
520
521
522
525
526
528
529
531
532
533
534
535
537
540
541
543
545
546
547
548
549
551
552
555
556
557
559
561
562
564
566
567
568
569
571
573
574
575
576
579
580
582
583
586
587
588
589
590
592
593
594
595
596
598
599
600
601
602
605
606
607
608
609
611
612
613
614
615
616
617
618
619
620
622
623
624
626
627
628
629
630
631
632
633
635
636
637
638
639
641
642
643
645
647
648
649
651
653
654
655
657
658
659
662
663
665
666
667
669
672
673
675
677
679
680
681
683
684
687
689
690
692
694
695
697
699
700
702
704
705
706
708
709
711
712
713
715
716
717
720
721
722
723
726
728
729
731
732
733
735
736
737
740
741
742
743
744
745
747
749
751
752
753
754
757
758
760
761
762
764
765
767
768
770
771
772
775
776
778
779
781
782
783
784
786
787
791
792
794
796
797
798
800
801
803
804
805
807
808
811
812
813
814
815
816
820
822
823
825
827
829
831
832
833
834
838
839
840
841
842
843
844
846
847
850
851
853
854
855
857
860
863
864
865
868
869
871
873
874
876
877
878
879
881
884
885
886
888
889
891
892
893
895
896
897
898
900
901
902
905
906
909
911
912
913
917
918
919
921
922
923
924
925
926
927
929
930
931
932
934
935
936
937
939
944
945
947
948
949
950
951
952
953
955
956
958
961
962
964
965
967
968
970
971
974
975
977
978
979
980
982
983
985
986
987
988
990
991
992
993
994
995
996
997
999
1002
1003
1004
1005
1009
1013
1017
1019
1021
1023
1024
1026
1028
1029
1032
1033
1034
1035
1037
1038
1039
1041
1043
1044
1045
1046
1047
1048
1049
1050
1051
1052
1054
1055
1056
1058
1059
1062
1063
1065
1067
1069
1070
1071
1072
1073
1074
1075
1076
1077
1078
1079
1085
1086
1087
1088
1089
1090
1091
1092
1093
1095
1097
1099
1100
1101
1102
1103
1104
1106
1108
1110
1111
1112
1113
1114
1115
1117
1118
1119
1121
1122
1123
1124
1126
1128
1129
1131
1134
1135
1136
1138
1139
1140
1143
1144
1145
1147
1150
1152
1153
1154
1155
1157
1158
1159
1160
1162
1163
1164
1166
1167
1168
1169
1171
1172
1173
1174
1175
1176
1178
1181
1182
1183
1184
1185
1186
1187
1188
1189
1190
1192
1193
1195
1196
1198
1199
1204
1205
1206
1207
1209
1210
1211
1213
1215
1217
1218
1219
1220
1221
1222
1224
1225
1226
1227
1228
1230
1231
1232
1233
1234
1235
1236
1237
1239
1241
1242
1243
1245
1246
1247
1248
1250
1252
1253
1254
1255
1256
1257
1258
1259
1260
1262
1263
1269
1271
1272
1273
1274
1276
1278
1279
1282
1285
1286
1287
1289
1290
1293
1294
1295
1296
1297
1298
1299
1300
1302
1303
1305
1307
1308
1309
1311
1312
1315
1316
1319
1320
1322
1323
1324
1325
1326
1327
1330
1331
1332
1334
1335
1336
1339
1340
1341
1342
1344
1345
1346
1347
1348
1349
1350
1352
1353
1355
1357
1359
1360
1361
1362
1363
1364
1365
1366
1367
1368
1369
1370
1371
1372
1373
1374
1375
1376
1378
1379
1381
1382
1383
1384
1387
1388
1389
1390
1391
1392
1393
1394
1395
1396
1398
1399
1400
1402
1403
1405
1406
1409
1410
1413
1415
1416
1417
1419
1421
1422
1423
1424
1425
1427
1428
1430
1431
1432
1434
1435
1436
1437
1438
1439
1441
1442
1444
1446
1447
1448
1449
1450
1451
1452
1455
1456
1458
1460
1461
1462
1463
1464
1466
1467
1468
1471
1475
1476
1477
1478
1479
1480
1481
1485
1487
1488
1491
1492
1494
1497
1499
1501
1503
1505
1506
1508
1509
1511
1512
1513
1514
1515
1517
1518
1519
1521
1524
1526
1528
1531
1533
1534
1535
1536
1537
1538
1539
1541
1542
1544
1546
1547
1548
1550
1551
1552
1553
1556
1557
1558
1561
1562
1563
1567
1568
1570
1571
1572
1573
1575
1576
1578
1580
1581
1582
1583
1585
1587
1589
1590
1592
1593
1594
1595
1596
1599
1600
1604
1605
1606
1608
1609
1610
1611
1612
1613
1614
1616
1617
1618
1619
1620
1622
1623
1624
1625
1626
1628
1629
1631
1632
1633
1634
1635
1636
1637
1638
1639
1642
1645
1646
1647
1648
1649
1650
1655
1656
1657
1659
1660
1661
1666
1667
1668
1670
1671
1672
1673
1675
1676
1679
1680
1682
1684
1685
1690
1692
1693
1695
1698
1699
1700
1702
1703
1704
1705
1706
1707
1708
1709
1711
1712
1713
1714
1719
1720
1721
1722
1724
1726
1728
1730
1731
1733
1736
1738
1739
1740
1742
1743
1746
1748
1749
1750
1752
1753
1754
1757
1758
1759
1760
1763
1764
1766
1767
1768
1769
1772
1775
1778
1779
1780
1781
1782
1783
1785
1786
1792
1794
1795
1798
1799
1800
1801
1802
1803
1806
1807
1809
1810
1812
1813
1814
1815
1816
1818
1819
1820
1822
1823
1824
1827
1829
1830
1831
1832
1835
1837
1838
1839
1840
1841
1843
1845
1846
1848
1850
1851
1852
1855
1856
1857
1860
1862
1863
1866
1867
1870
1871
1872
1873
1874
1875
1876
1877
1878
1879
1881
1885
1886
1887
1888
1889
1890
1892
1893
1894
1896
1897
1900
1901
1902
1904
1906
1907
1909
1912
1913
1914
1915
1916
1917
1920
1922
1924
1925
1927
1928
1929
1930
1931
1932
1934
1935
1936
1937
1938
1942
1943
1944
1945
1946
1947
1948
1950
1951
1953
1956
1957
1958
1960
1962
1965
1967
1968
1969
1970
1971
1972
1974
1976
1977
1978
1983
1984
1985
1988
1990
1991
1992
1993
1994
1996
1997
1998
1999
2000
2001
2002
2005
2006
2009
2010
2011
2012
2014
2015
2016
2017
2020
2023
2024
2025
2026
2027
2029
2030
2032
2034
2035
2036
2038
2039
2041
2042
2044
2045
2047
2050
2052
2053
2055
2056
2058
2060
2063
2065
2067
2068
2069
2071
2072
2073
2074
2075
2076
2077
2079
2080
2081
2082
2087
2089
2091
2093
2095
2097
2098
2099
2101
2102
2103
2105
2106
2107
2108
2109
2110
2113
2118
2120
2121
2122
2123
2124
2125
2126
2128
2130
2131
2132
2134
2135
2136
2137
2139
2141
2142
2143
2144
2147
2148
2150
2151
2153
2154
2158
2160
2162
2163
2165
2166
2167
2169
2172
2174
2175
2177
2178
2180
2181
2182
2183
2184
2185
2186
2188
2189
2191
2192
2193
2194
2196
2198
2199
2200
2201
2202
2203
2206
2207
2208
2210
2211
2212
2213
2217
2220
2221
2222
2223
2224
2226
2229
2231
2232
2234
2237
2240
2242
2243
2244
2246
2249
2253
2255
2257
2259
2260
2262
2266
2268
2270
2272
2275
2276
2277
2278
2281
2284
2285
2286
2287
2288
2289
2290
2292
2293
2295
2298
2299
2301
2303
2304
2305
2308
2309
2311
2314
2315
2316
2318
2319
2323
2324
2326
2329
2330
2332
2333
2335
2338
2339
2341
2342
2343
2345
2346
2348
2350
2352
2353
2355
2356
2357
2359
2360
2361
2362
2363
2364
2366
2367
2369
2370
2371
2372
2373
2374
2377
2379
2380
2381
2382
2383
2384
2387
2389
2391
2392
2394
2395
2398
2400
2402
2404
2406
2409
2411
2413
2415
2416
2417
2419
2422
2423
2425
2426
2427
2428
2431
2433
2437
2438
2442
2443
2444
2446
2448
2449
2450
2451
2452
2454
2455
2456
2458
2459
2461
2463
2465
2466
2469
2471
2472
2474
2475
2476
2477
2480
2481
2482
2485
2486
2488
2490
2491
2492
2494
2495
2496
2499
2500
2502
2503
2505
2507
2508
2513
2515
2517
2519
2521
2522
2523
2524
2525
2528
2529
2530
2531
2535
2539
2541
2543
2544
2546
2547
2548
2549
2551
2554
2556
2557
2558
2559
2560
2561
2563
2564
2566
2568
2571
2574
2576
2577
2579
2582
2583
2585
2587
2588
2589
2590
2591
2592
2593
2594
2595
2596
2597
2598
2600
2602
2603
2604
2605
2606
2607
2611
2612
2615
2617
2618
2619
2620
2622
2623
2628
2631
2632
2634
2635
2636
2639
2640
2641
2642
2643
2644
2645
2646
2647
2648
2650
2651
2653
2655
2657
2658
2659
2662
2663
2665
2667
2669
2670
2671
2672
2673
2674
2675
2676
2677
2678
2679
2680
2681
2682
2683
2684
2685
2686
2687
2688
2689
2690
2691
2693
2694
2696
2697
2698
2699
2701
2702
2703
2706
2708
2709
2711
2713
2714
2716
2717
2718
2722
2726
2727
2728
2729
2732
2734
2735
2738
2739
2741
2744
2745
2746
2748
2750
2751
2753
2754
2756
2758
2760
2762
2765
2766
2768
2769
2771
2772
2773
2774
2775
2777
2778
2780
2781
2782
2783
2785
2786
2787
2788
2789
2790
2793
2795
2796
2798
2799
2800
2802
2805
2806
2807
2808
2809
2810
2812
2813
2818
2821
2822
2823
2824
2825
2827
2828
2829
2831
2835
2836
2838
2839
2840
2844
2845
2846
2847
2848
2849
2850
2852
2853
2855
2858
2862
2863
2864
2866
2868
2869
2870
2871
2872
2873
2874
2876
2877
2879
2880
2883
2885
2886
2888
2889
2890
2891
2892
2895
2897
2898
2901
2903
2904
2905
2906
2908
2909
2912
2917
2918
2920
2921
2923
2925
2927
2928
2931
2932
2933
2935
2936
2937
2938
2941
2943
2945
2946
2947
2949
2951
2952
2953
2955
2956
2957
2960
2961
2964
2965
2966
2968
2969
2971
2972
2973
2974
2976
2978
2979
2981
2983
2984
2986
2987
2990
2992
2994
2995
2996
2997
2998
2999
3000
3001
3004
3006
3009
3010
3011
3014
3015
3017
3018
3020
3021
3022
3025
3026
3029
3030
3031
3032
3035
3036
3037
3041
3042
3046
3047
3048
3050
3052
3053
3056
3058
3060
3062
3063
3070
3071
3072
3073
3074
3077
3079
3081
3084
3085
3087
3090
3091
3093
3094
3095
3096
3097
3099
3101
3102
3103
3104
3105
3106
3107
3108
3111
3112
3113
3115
3117
3118
3119
3120
3123
3124
3125
3126
3128
3130
3134
3136
3137
3138
3140
3142
3144
3146
3147
3149
3151
3153
3155
3157
3158
3159
3160
3161
3163
3165
3166
3167
3168
3169
3170
3171
3172
3173
3176
3179
3180
3182
3183
3184
3185
3186
3187
3188
3189
3190
3193
3194
3196
3198
3199
3202
3204
3205
3206
3208
3209
3211
3212
3213
3216
3218
3219
3222
3223
3226
3228
3231
3234
3235
3236
3237
3238
3239
3241
3242
3243
3245
3246
3247
3249
3250
3252
3253
3256
3258
3261
3263
3264
3265
3266
3268
3269
3270
3271
3273
3274
3276
3277
3279
3280
3281
3282
3283
3286
3287
3288
3289
3290
3291
3294
3297
3299
3300
3302
3303
3304
3305
3306
3307
3311
3312
3313
3315
3316
3318
3320
3321
3322
3324
3325
3326
3327
3329
3330
3332
3333
3335
3338
3340
3341
3342
3344
3345
3348
3349
3350
3351
3352
3354
3355
3359
3363
3364
3366
3367
3369
3370
3374
3375
3377
3378
3379
3380
3382
3383
3384
3385
3386
3387
3389
3390
3391
3393
3394
3395
3397
3398
3401
3403
3405
3407
3409
3411
3413
3414
3416
3418
3419
3422
3423
3424
3426
3428
3429
3430
3431
3433
3434
3435
3438
3439
3441
3443
3444
3445
3446
3447
3448
3449
3450
3452
3453
3454
3455
3456
3458
3459
3462
3463
3466
3469
3470
3471
3473
3474
3475
3479
3482
3488
3489
3490
3491
3493
3495
3496
3497
3499
3500
3502
3505
3506
3507
3509
3510
3512
3513
3514
3515
3517
3518
3521
3524
3526
3527
3529
3530
3531
3532
3533
3534
3539
3542
3543
3545
3547
3549
3551
3553
3554
3558
3561
3562
3564
3566
3568
3569
3570
3572
3576
3579
3582
3583
3584
3586
3588
3590
3591
3592
3594
3595
3597
3599
3600
3601
3603
3605
3606
3608
3609
3611
3612
3614
3615
3619
3620
3621
3622
3623
3624
3626
3628
3629
3630
3631
3634
3635
3636
3637
3639
3642
3645
3646
3647
3648
3652
3653
3655
3657
3658
3660
3662
3663
3666
3667
3668
3670
3671
3672
3673
3674
3675
3676
3679
3680
3681
3683
3686
3688
3690
3691
3693
3695
3698
3700
3701
3703
3704
3705
3707
3709
3711
3712
3714
3715
3719
3723
3724
3725
3727
3729
3733
3738
3740
3743
3745
3746
3747
3751
3753
3754
3756
3757
3759
3761
3762
3765
3769
3770
3771
3773
3774
3775
3777
3780
3781
3783
3785
3786
3790
3791
3793
3795
3796
3797
3799
3805
3807
3810
3814
3815
3817
3819
3820
3821
3824
3826
3827
3828
3829
3830
3831
3832
3833
3834
3835
3836
3837
3838
3839
3840
3841
3842
3843
3844
3845
3846
3849
3850
3851
3852
3853
3855
3858
3860
3861
3862
3865
3866
3868
3871
3872
3874
3875
3876
3878
3879
3881
3882
3883
3885
3888
3889
3890
3892
3893
3895
3897
3898
3900
3904
3905
3906
3907
3908
3909
3913
3914
3915
3916
3922
3924
3926
3928
3929
3930
3931
3933
3934
3935
3940
3941
3943
3951
3953
3956
3957
3958
3959
3962
3963
3964
3965
3969
3974
3975
3976
3978
3984
3985
3986
3989
3990
3991
3993
3996
3997
3998
3999
4002
4003
4005
4007
4009
4010
4011
4014
4016
4018
4020
4022
4023
4024
4025
4026
4027
4029
4030
4032
4034
4036
4037
4038
4041
4042
4043
4044
4046
4047
4049
4051
4052
4053
4055
4056
4058
4059
4060
4063
4065
4068
4070
4072
4074
4077
4078
4079
4080
4081
4083
4087
4088
4090
4092
4093
4094
4097
4098
4101
4102
4103
4104
4107
4108
4110
4113
4114
4119
4120
4121
4124
4125
4128
4130
4132
4136
4139
4140
4142
4143
4144
4145
4146
4147
4153
4154
4155
4159
4160
4163
4164
4170
4172
4174
4178
4179
4180
4181
4183
4184
4187
4188
4192
4193
4195
4197
4198
4202
4203
4204
4205
4209
4212
4214
4215
4219
4220
4221
4224
4225
4226
4230
4231
4234
4238
4241
4243
4246
4248
4249
4251
4253
4255
4258
4263
4265
4266
4268
4270
4271
4276
4277
4278
4281
4283
4286
4288
4289
4290
4292
4293
4295
4297
4298
4301
4302
4303
4304
4305
4307
4308
4310
4312
4314
4315
4316
4317
4318
4319
4321
4322
4326
4327
4331
4333
4336
4338
4339
4341
4342
4345
4347
4348
4349
4351
4352
4353
4355
4357
4362
4363
4365
4366
4367
4369
4373
4374
4375
4377
4379
4380
4382
4383
4384
4386
4387
4388
4393
4394
4396
4397
4398
4399
4403
4404
4405
4407
4410
4412
4414
4416
4418
4419
4421
4422
4423
4424
4425
4426
4427
4428
4429
4431
4432
4433
4434
4437
4438
4440
4441
4442
4443
4445
4447
4450
4451
4454
4457
4458
4459
4461
4463
4464
4469
4473
4474
4477
4478
4479
4480
4482
4485
4487
4489
4491
4492
4496
4497
4498
4499
4500
4503
4505
4506
4510
4511
4515
4516
4519
4520
4522
4523
4526
4528
4529
4531
4532
4534
4535
4537
4538
4539
4540
4542
4543
4546
4547
4548
4549
4552
4554
4557
4559
4561
4562
4563
4564
4565
4567
4569
4573
4574
4576
4577
4578
4580
4583
4584
4586
4587
4590
4594
4595
4596
4597
4598
4600
4601
4603
4606
4607
4608
4609
4610
4611
4612
4614
4618
4619
4620
4622
4624
4625
4627
4631
4632
4635
4638
4639
4641
4642
4643
4645
4646
4647
4650
4651
4653
4654
4655
4656
4657
4660
4661
4664
4665
4667
4668
4670
4673
4675
4677
4679
4682
4683
4685
4688
4689
4690
4691
4692
4696
4697
4703
4705
4706
4708
4709
4711
4712
4713
4716
4717
4720
4721
4722
4724
4725
4728
4732
4734
4738
4740
4741
4743
4746
4748
4749
4750
4751
4752
4753
4754
4756
4758
4760
4761
4762
4764
4765
4766
4767
4768
4769
4773
4775
4777
4778
4779
4782
4784
4787
4788
4790
4791
4794
4796
4797
4798
4799
4801
4802
4804
4805
4809
4812
4815
4816
4817
4819
4820
4822
4825
4826
4827
4828
4829
4833
4834
4835
4838
4842
4843
4844
4845
4847
4849
4850
4851
4852
4853
4854
4855
4856
4858
4860
4861
4862
4863
4864
4866
4868
4869
4870
4871
4873
4875
4876
4879
4880
4886
4887
4892
4893
4894
4897
4898
4900
4901
4905
4908
4909
4911
4912
4913
4916
4917
4918
4919
4921
4923
4924
4927
4928
4929
4930
4931
4932
4935
4938
4941
4943
4944
4947
4949
4953
4956
4957
4960
4961
4967
4970
4976
4977
4979
4982
4984
4986
4987
4991
4993
4994
4995
4996
4998
5000
5001
5002
5005
5007
5009
5012
5013
5017
5020
5027
5028
5029
5030
5032
5034
5035
5036
5037
5038
5039
5042
5044
5045
5048
5049
5053
5059
5060
5061
5062
5064
5069
5071
5073
5074
5075
5080
5081
5083
5084
5089
5091
5096
5099
5101
5102
5104
5105
5106
5107
5108
5109
5112
5113
5115
5116
5117
5118
5120
5121
5122
5123
5126
5127
5128
5130
5134
5136
5138
5139
5141
5142
5143
5144
5145
5147
5149
5152
5153
5154
5157
5160
5165
5166
5170
5171
5177
5178
5179
5180
5182
5184
5185
5186
5187
5188
5189
5190
5191
5193
5195
5197
5198
5200
5201
5203
5205
5206
5207
5208
5209
5211
5213
5215
5216
5218
5220
5221
5222
5223
5228
5229
5232
5233
5235
5237
5238
5242
5243
5245
5247
5248
5250
5254
5257
5260
5262
5263
5266
5268
5269
5270
5271
5272
5275
5279
5282
5284
5285
5287
5291
5293
5295
5296
5297
5300
5301
5304
5306
5308
5310
5311
5312
5316
5318
5319
5320
5323
5325
5326
5329
5331
5332
5333
5336
5337
5339
5343
5344
5349
5354
5355
5356
5358
5359
5362
5363
5365
5372
5374
5377
5379
5380
5382
5384
5385
5387
5390
5392
5393
5395
5400
5402
5404
5406
5408
5409
5410
5412
5414
5415
5416
5420
5423
5424
5425
5431
5433
5435
5436
5437
5442
5443
5444
5445
5446
5448
5449
5452
5455
5456
5457
5458
5460
5464
5467
5468
5470
5471
5477
5478
5479
5480
5483
5485
5486
5488
5492
5494
5496
5497
5499
5500
5502
5507
5509
5510
5513
5515
5516
5517
5519
5521
5523
5524
5525
5527
5530
5533
5535
5537
5538
5539
5544
5547
5550
5552
5554
5555
5557
5558
5559
5560
5563
5565
5567
5568
5570
5571
5572
5576
5577
5582
5583
5584
5585
5588
5589
5593
5595
5596
5597
5598
5602
5603
5610
5612
5614
5618
5620
5622
5629
5632
5634
5638
5639
5640
5641
5642
5643
5647
5648
5650
5652
5655
5657
5658
5660
5662
5663
5666
5668
5669
5672
5676
5678
5681
5683
5685
5687
5692
5699
5700
5701
5705
5706
5707
5708
5709
5712
5714
5715
5716
5718
5720
5722
5723
5726
5728
5730
5731
5733
5736
5738
5739
5742
5744
5745
5749
5750
5751
5753
5756
5758
5759
5760
5761
5766
5771
5773
5777
5779
5781
5787
5788
5789
5790
5792
5796
5798
5801
5802
5805
5808
5809
5812
5815
5819
5821
5822
5823
5824
5825
5829
5830
5833
5834
5836
5837
5838
5840
5843
5844
5846
5848
5849
5851
5852
5853
5856
5857
5858
5860
5862
5866
5868
5869
5870
5871
5872
5876
5878
5879
5882
5883
5885
5886
5888
5889
5891
5893
5894
5895
5897
5898
5900
5909
5910
5911
5913
5916
5917
5920
5922
5926
5930
5931
5933
5935
5937
5941
5942
5945
5947
5949
5951
5952
5953
5955
5956
5959
5961
5963
5964
5965
5966
5968
5969
5971
5973
5975
5976
5979
5981
5982
5983
5984
5989
5991
5996
5997
5999
6006
6008
6009
6011
6012
6015
6016
6017
6019
6021
6024
6028
6031
6033
6034
6036
6038
6039
6041
6042
6046
6049
6051
6054
6055
6056
6059
6062
6064
6065
6067
6073
6074
6075
6079
6083
6084
6086
6089
6090
6091
6093
6095
6097
6098
6103
6105
6106
6107
6110
6111
6113
6114
6116
6117
6119
6123
6125
6128
6129
6130
6133
6135
6137
6140
6143
6144
6145
6151
6154
6155
6157
6158
6159
6160
6161
6168
6170
6171
6172
6174
6177
6181
6182
6184
6185
6192
6193
6194
6198
6199
6203
6205
6206
6209
6213
6214
6216
6220
6222
6224
6227
6229
6231
6232
6236
6237
6239
6241
6242
6243
6245
6246
6248
6255
6258
6262
6263
6265
6267
6270
6272
6274
6276
6278
6279
6283
6287
6290
6291
6292
6293
6296
6299
6302
6303
6308
6310
6311
6312
6316
6318
6322
6324
6326
6327
6330
6331
6333
6334
6336
6338
6340
6347
6350
6352
6353
6354
6356
6357
6358
6362
6366
6368
6370
6372
6375
6376
6377
6378
6380
6384
6385
6388
6397
6398
6400
6401
6402
6403
6407
6411
6412
6414
6418
6419
6420
6421
6423
6425
6426
6428
6429
6431
6433
6435
6436
6439
6440
6443
6444
6445
6452
6453
6456
6457
6460
6462
6463
6465
6466
6470
6473
6475
6478
6482
6483
6485
6487
6488
6492
6497
6499
6500
6503
6507
6509
6510
6511
6513
6519
6520
6521
6523
6524
6526
6527
6530
6532
6533
6536
6540
6541
6545
6550
6552
6553
6556
6558
6559
6561
6563
6564
6565
6567
6569
6571
6573
6575
6576
6579
6581
6582
6587
6588
6589
6590
6593
6595
6596
6597
6604
6606
6608
6609
6612
6613
6616
6619
6621
6623
6624
6626
6628
6631
6633
6635
6637
6638
6643
6646
6647
6648
6654
6655
6657
6661
6662
6664
6666
6667
6668
6670
6671
6672
6673
6676
6679
6680
6681
6682
6686
6687
6690
6691
6694
6697
6699
6700
6702
6704
6710
6715
6719
6720
6722
6724
6731
6734
6738
6740
6742
6743
6751
6752
6754
6755
6756
6758
6760
6762
6765
6766
6771
6772
6773
6781
6784
6785
6788
6790
6791
6800
6801
6802
6807
6809
6810
6812
6814
6815
6817
6820
6823
6824
6825
6826
6831
6832
6835
6837
6838
6840
6844
6846
6848
6849
6851
6852
6853
6856
6857
6859
6864
6866
6868
6871
6872
6879
6880
6882
6883
6886
6887
6888
6889
6890
6892
6894
6896
6897
6900
6903
6907
6909
6910
6912
6913
6915
6916
6917
6920
6922
6924
6925
6929
6931
6933
6935
6937
6940
6941
6949
6952
6953
6955
6956
6957
6959
6962
6964
6965
6967
6968
6969
6971
6972
6973
6974
6976
6978
6981
6983
6990
6992
6998
7000
7001
7003
7005
7006
7008
7014
7017
7019
7021
7027
7032
7034
7035
7040
7041
7042
7044
7051
7053
7055
7056
7059
7061
7062
7063
7064
7065
7067
7069
7070
7071
7072
7073
7074
7076
7084
7091
7093
7094
7098
7100
7102
7104
7107
7110
7111
7113
7117
7120
7124
7125
7128
7132
7136
7142
7143
7145
7146
7149
7150
7152
7156
7158
7161
7164
7166
7168
7169
7170
7172
7173
7174
7176
7178
7183
7184
7186
7188
7190
7191
7195
7202
7205
7206
7209
7214
7217
7219
7220
7222
7226
7227
7228
7230
7231
7234
7236
7238
7240
7242
7246
7252
7255
7256
7258
7260
7261
7264
7267
7268
7270
7273
7281
7282
7288
7290
7292
7293
7302
7303
7305
7306
7311
7318
7320
7322
7325
7327
7329
7330
7335
7339
7340
7341
7347
7350
7351
7352
7353
7356
7357
7358
7368
7373
7379
7381
7383
7386
7392
7400
7402
7403
7407
7409
7410
7414
7416
7419
7420
7423
7428
7429
7431
7433
7435
7436
7439
7440
7441
7443
7446
7449
7450
7453
7454
7456
7457
7458
7460
7461
7462
7463
7468
7471
7473
7474
7477
7482
7489
7490
7492
7499
7502
7504
7505
7506
7512
7514
7519
7523
7527
7529
7530
7534
7538
7540
7543
7547
7550
7551
7561
7564
7569
7572
7574
7575
7578
7579
7581
7583
7587
7588
7589
7592
7596
7598
7599
7600
7602
7603
7605
7606
7609
7611
7614
7616
7617
7619
7620
7628
7632
7635
7636
7639
7641
7644
7646
7650
7651
7653
7656
7662
7665
7666
7668
7669
7671
7673
7674
7676
7679
7688
7691
7692
7701
7705
7706
7710
7711
7720
7721
7724
7725
7729
7730
7732
7734
7737
7741
7743
7748
7750
7751
7752
7753
7758
7760
7767
7768
7769
7772
7778
7781
7784
7785
7787
7792
7795
7797
7799
7801
7804
7806
7808
7809
7814
7815
7818
7819
7827
7828
7831
7832
7837
7838
7839
7844
7846
7851
7858
7862
7863
7864
7866
7870
7873
7876
7877
7881
7883
7884
7889
7890
7892
7893
7897
7898
7902
7907
7908
7910
7913
7914
7918
7922
7924
7928
7930
7933
7939
7942
7945
7946
7947
7951
7958
7960
7963
7970
7973
7977
7980
7984
7989
7992
7994
7996
7997
7998
8000
8006
8008
8010
8015
8020
8022
8029
8030
8033
8036
8038
8040
8045
8047
8049
8054
8056
8058
8059
8063
8064
8068
8069
8070
8072
8078
8082
8083
8084
8087
8091
8092
8095
8099
8101
8103
8107
8109
8114
8116
8118
8122
8124
8125
8130
8134
8139
8140
8142
8148
8153
8156
8158
8159
8160
8164
8165
8167
8172
8174
8179
8182
8183
8185
8187
8189
8193
8194
8195
8196
8198
8199
8207
8209
8210
8211
8213
8215
8216
8221
8224
8227
8229
8230
8232
8233
8236
8237
8240
8242
8244
8246
8247
8249
8251
8252
8256
8258
8263
8267
8268
8271
8277
8279
8282
8284
8287
8292
8299
8302
8303
8310
8311
8315
8316
8318
8319
8320
8327
8330
8335
8339
8341
8342
8346
8349
8355
8358
8360
8361
8365
8372
8373
8375
8381
8383
8385
8387
8390
8391
8392
8395
8397
8398
8400
8401
8403
8404
8406
8410
8411
8413
8415
8419
8421
8426
8427
8429
8430
8431
8433
8436
8438
8440
8448
8452
8454
8456
8459
8466
8468
8474
8477
8478
8481
8482
8485
8490
8491
8492
8494
8504
8510
8513
8515
8518
8524
8526
8527
8530
8535
8536
8538
8539
8542
8543
8544
8548
8550
8551
8559
8563
8565
8566
8567
8569
8572
8575
8577
8580
8586
8587
8588
8595
8596
8597
8599
8601
8605
8606
8608
8609
8611
8612
8614
8616
8625
8626
8629
8631
8633
8635
8638
8648
8649
8652
8653
8655
8657
8661
8664
8667
8668
8669
8676
8682
8685
8687
8690
8697
8699
8709
8711
8713
8716
8718
8721
8724
8728
8729
8732
8733
8736
8737
8742
8744
8745
8747
8753
8755
8757
8760
8762
8766
8767
8770
8772
8779
8784
8786
8787
8788
8794
8796
8800
8804
8807
8808
8811
8812
8816
8818
8823
8825
8827
8828
8833
8840
8841
8846
8848
8849
8851
8852
8853
8854
8855
8859
8875
8878
8883
8884
8886
8891
8893
8895
8898
8904
8905
8906
8911
8914
8915
8921
8931
8934
8936
8941
8943
8947
8951
8952
8954
8955
8956
8959
8960
8966
8968
8970
8971
8972
8973
8976
8977
8979
8981
8983
8984
8989
8991
8994
9002
9003
9007
9010
9014
9021
9024
9025
9027
9029
9031
9037
9038
9040
9044
9046
9048
9049
9052
9059
9062
9063
9068
9070
9078
9081
9083
9084
9090
9091
9092
9095
9098
9107
9112
9114
9117
9122
9128
9134
9135
9142
9144
9148
9150
9157
9162
9166
9177
9180
9186
9201
9203
9204
9205
9211
9216
9222
9224
9227
9232
9241
9242
9245
9247
9253
9256
9264
9267
9269
9283
9285
9288
9291
9297
9300
9301
9302
9304
9315
9316
9322
9329
9334
9340
9343
9349
9352
9354
9360
9363
9365
9366
9369
9381
9383
9385
9387
9388
9391
9392
9397
9401
9404
9411
9419
9421
9427
9440
9442
9446
9448
9457
9459
9471
9472
9475
9486
9490
9493
9497
9498
9501
9505
9507
9511
9515
9518
9519
9521
9524
9526
9529
9531
9533
9535
9536
9544
9549
9550
9551
9554
9558
9562
9564
9571
9574
9578
9590
9592
9594
9595
9604
9608
9609
9616
9617
9623
9625
9632
9635
9641
9642
9644
9645
9648
9664
9665
9669
9672
9687
9690
9692
9695
9709
9711
9714
9718
9723
9726
9728
9730
9733
9737
9743
9746
9751
9760
9771
9773
9777
9780
9785
9790
9794
9796
9802
9805
9809
9822
9826
9828
9834
9837
9840
9846
9854
9863
