c 24765 vertices
c 30242 edges
c 19655 edges after de-duplication
s vc 24765 5110
1
14549
14551
14553
14555
14557
14559
14561
14563
14565
14567
14569
14571
14573
14575
14577
14579
14581
14583
14585
14587
14589
14591
14593
14595
14597
14599
14601
14603
14605
14607
14609
14611
14613
14615
14617
14619
14621
14623
14625
14627
14629
14631
14633
14635
14637
14639
14641
14643
14645
14647
14649
14651
14653
14655
14657
14659
14661
14663
14665
14667
14669
14671
14673
14675
14677
14679
14681
14683
14685
14687
14689
14691
14693
14695
14697
14699
14701
14703
14705
14707
14709
14711
14713
14715
14717
14719
14721
14723
14725
14727
14729
14731
14733
14735
14737
14739
14741
14743
14745
14747
14749
14751
14753
14755
14757
14759
14761
14763
14765
14767
14769
14771
14773
14775
14777
14779
14781
14783
14785
14787
14789
14791
14793
14795
14797
14799
14801
14803
14805
14807
14809
14811
14813
14815
14817
14819
14821
14823
14825
14827
14829
14831
14833
14835
14837
14839
14841
14843
14845
14847
14849
14851
14853
14855
14857
14859
14861
14863
14865
14867
14869
14871
14873
14875
14877
14879
14881
14883
14885
14887
14889
14891
14893
14895
14897
14899
14901
14903
14905
14907
14909
14911
14913
14915
14917
14919
14921
14923
14925
14927
14929
14931
14933
14935
14937
14939
14941
14943
14945
14947
14949
14951
14953
14955
14957
14959
14961
14963
14965
14967
14969
14971
14973
14975
14977
14979
14981
14983
14985
14987
14989
14991
14993
14995
14997
14999
15001
15003
15005
15007
15009
15011
15013
15015
15017
15019
15021
15023
15025
15027
15029
15031
15033
15035
15037
15039
15041
15043
15045
15047
15049
15051
15053
15055
15057
15059
15061
15063
15065
15067
15069
15071
15073
15075
15077
15079
15081
15083
15085
15087
15089
15091
15093
15095
15097
15099
15101
15103
15105
15107
15109
15111
15113
15115
15117
15119
15121
15123
15125
15127
15129
15131
15133
15135
15137
15139
15141
15143
15145
15147
15149
15151
15153
15155
15157
15159
15161
15163
15165
15167
15169
15171
15173
15175
15177
15179
15181
15183
15185
15187
15189
15191
15193
15195
15197
15199
15201
15203
15205
15207
15209
15211
15213
15215
15217
15219
15221
15223
15225
15227
15229
15231
15233
15235
15237
15239
15241
15243
15245
15247
15249
15251
15253
15255
15257
15259
15261
15263
15265
15267
15269
15271
15273
15275
15277
15279
15281
15283
15285
15287
15289
15291
15293
15295
15297
15299
15301
15303
15305
15307
15309
15311
15313
15315
15317
15319
15321
15323
15325
15327
15329
15331
15333
15335
15337
15339
15341
15343
15345
15347
15349
15351
15353
15355
15357
15359
15361
15363
15365
15367
15369
15371
15373
15375
15377
15379
15381
15383
15385
15387
15389
15391
15393
15395
15397
15399
15401
15403
15405
15407
15409
15411
15413
15415
15417
15419
15421
15423
15425
15427
15429
15431
15433
15435
15437
15439
15441
15443
15445
15447
15449
15451
15453
15455
15457
15459
15461
15463
15465
15467
15469
15471
15473
15475
15477
15479
15481
15483
15485
15487
15489
15491
15493
15495
15497
15499
15501
15503
15505
15507
15509
15511
15513
15515
15517
15519
15521
15523
15525
15527
15529
15531
15533
15535
15537
15539
15541
15543
15545
15547
15549
15551
15553
15555
15557
15559
15561
15563
15565
15567
15569
15571
15573
15575
15577
15579
15581
15583
15585
15587
15589
15591
15593
15595
15597
15599
15601
15603
15605
15607
15609
15611
15613
15615
15617
15619
15621
15623
15625
15627
15629
15631
15633
15635
15637
15639
15641
15643
15645
15647
15649
15651
15653
15655
15657
15659
15661
15663
15665
15667
15669
15671
15673
15675
15677
15679
15681
15683
15685
15687
15689
15691
15693
15695
15697
15699
15701
15703
15705
15707
15709
15711
15713
15715
15717
15719
15721
15723
15725
15727
15729
15731
15733
15735
15737
15739
15741
15743
15745
15747
15749
15751
15753
15755
15757
15759
15761
15763
15765
15767
15769
15771
15773
15775
15777
15779
15781
15783
15785
15787
15789
15791
15793
15795
15797
15799
15801
15803
15805
15807
15809
15811
15813
15815
15817
15819
15821
15823
15825
15827
15829
15831
15833
15835
15837
15839
15841
15843
15845
15847
15849
15851
15853
15855
15857
15859
15861
15863
15865
15867
15869
15871
15873
15875
15877
15879
15881
15883
15885
15887
15889
15891
15893
15895
15897
15899
15901
15903
15905
15907
15909
15911
15913
15915
15917
15919
15921
15923
15925
15927
15929
15931
15933
15935
15937
15939
15941
15943
15945
15947
15949
15951
15953
15955
15957
15959
15961
15963
15965
15967
15969
15971
15973
15975
15977
15979
15981
15983
15985
15987
15989
15991
15993
15995
15997
15999
16001
16003
16005
16007
16009
16011
16013
16015
16017
16019
16021
16023
16025
16027
16029
16031
16033
16035
16037
16039
16041
16043
16045
16047
16049
16051
16053
16055
16057
16059
16061
16063
16065
16067
16069
16071
16073
16075
16077
16079
16081
16083
16085
16087
16089
16091
16093
16095
16097
16099
16101
16103
16105
16107
16109
16111
16113
16115
16117
16119
16121
16123
16125
16127
16129
16131
16133
16135
16137
16139
16141
16143
16145
16147
16149
16151
16153
16155
16157
16159
16161
16163
16165
16167
16169
16171
16173
16175
16177
16179
16181
16183
16185
16187
16189
16191
16193
16195
16197
16199
16201
16203
16205
16207
16209
16211
16213
16215
16217
16219
16221
16223
16225
16227
16229
16231
16233
16235
16237
16239
16241
16243
16245
16247
16249
16251
16253
16255
16257
16259
16261
16263
16265
16267
16269
16271
16273
16275
16277
16279
16281
16283
16285
16287
16289
16291
16293
16295
16297
16299
16301
16303
16305
16307
16309
16311
16313
16315
16317
16319
16321
16323
16325
16327
16329
16331
16333
16335
16337
16339
16341
16343
16345
16347
16349
16351
16353
16355
16357
16359
16361
16363
16365
16367
16369
16371
16373
16375
16377
16379
16381
16383
16385
16387
16389
16391
16393
16395
16397
16399
16401
16403
16405
16407
16409
16411
16413
16415
16417
16419
16421
16423
16425
16427
16429
16431
16433
16435
16437
16439
16441
16443
16445
16447
16449
16451
16453
16455
16457
16459
16461
16463
16465
16467
16469
16471
16473
16475
16477
16479
16481
16483
16485
16487
16489
16491
16493
16495
16497
16499
16501
16503
16505
16507
16509
16511
16513
16515
16517
16519
16521
16523
16525
16527
16529
16531
16533
16535
16537
16539
16541
16543
16545
16547
16549
16551
16553
16555
16557
16559
16561
16563
16565
16567
16569
16571
16573
16575
16577
16579
16581
16583
16585
16587
16589
16591
16593
16595
16597
16599
16601
16603
16605
16607
16609
16611
16613
16615
16617
16619
16621
16623
16625
16627
16629
16631
16633
16635
16637
16639
16641
16643
16645
16647
16649
16651
16653
16655
16657
16659
16661
16663
16665
16667
16669
16671
16673
16675
16677
16679
16681
16683
16685
16687
16689
16691
16693
16695
16697
16699
16701
16703
16705
16707
16709
16711
16713
16715
16717
16719
16721
16723
16725
16727
16729
16731
16733
16735
16737
16739
16741
16743
16745
16747
16749
16751
16753
16755
16757
16759
16761
16763
16765
16767
16769
16771
16773
16775
16777
16779
16781
16783
16785
16787
16789
16791
16793
16795
16797
16799
16801
16803
16805
16807
16809
16811
16813
16815
16817
16819
16821
16823
16825
16827
16829
16831
16833
16835
16837
16839
16841
16843
16845
16847
16849
16851
16853
16855
16857
16859
16861
16863
16865
16867
16869
16871
16873
16875
16877
16879
16881
16883
16885
16887
16889
16891
16893
16895
16897
16899
16901
16903
16905
16907
16909
16911
16913
16915
16917
16919
16921
16923
16925
16927
16929
16931
16933
16935
16937
16939
16941
16943
16945
16947
16949
16951
16953
16955
16957
16959
16961
16963
16965
16967
16969
16971
16973
16975
16977
16979
16981
16983
16985
16987
16989
16991
16993
16995
16997
16999
17001
17003
17005
17007
17009
17011
17013
17015
17017
17019
17021
17023
17025
17027
17029
17031
17033
17035
17037
17039
17041
17043
17045
17047
17049
17051
17053
17055
17057
17059
17061
17063
17065
17067
17069
17071
17073
17075
17077
17079
17081
17083
17085
17087
17089
17091
17093
17095
17097
17099
17101
17103
17105
17107
17109
17111
17113
17115
17117
17119
17121
17123
17125
17127
17129
17131
17133
17135
17137
17139
17141
17143
17145
17147
17149
17151
17153
17155
17157
17159
17161
17163
17165
17167
17169
17171
17173
17175
17177
17179
17181
17183
17185
17187
17189
17191
17193
17195
17197
17199
17201
17203
17205
17207
17209
17211
17213
17215
17217
17219
17221
17223
17225
17227
17229
17231
17233
17235
17237
17239
17241
17243
17245
17247
17249
17251
17253
17255
17257
17259
17261
17263
17265
17267
17269
17271
17273
17275
17277
17279
17281
17283
17285
17287
17289
17291
17293
17295
17297
17299
17301
17303
17305
17307
17309
17311
17313
17315
17317
17319
17321
17323
17325
17327
17329
17331
17333
17335
17337
17339
17341
17343
17345
17347
17349
17351
17353
17355
17357
17359
17361
17363
17365
17367
17369
17371
17373
17375
17377
17379
17381
17383
17385
17387
17389
17391
17393
17395
17397
17399
17401
17403
17405
17407
17409
17411
17413
17415
17417
17419
17421
17423
17425
17427
17429
17431
17433
17435
17437
17439
17441
17443
17445
17447
17449
17451
17453
17455
17457
17459
17461
17463
17465
17467
17469
17471
17473
17475
17477
17479
17481
17483
17485
17487
17489
17491
17493
17495
17497
17499
17501
17503
17505
17507
17509
17511
17513
17515
17517
17519
17521
17523
17525
17527
17529
17531
17533
17535
17537
17539
17541
17543
17545
17547
17549
17551
17553
17555
17557
17559
17561
17563
17565
17567
17569
17571
17573
17575
17577
17579
17581
17583
17585
17587
17589
17591
17593
17595
17597
17599
17601
17603
17605
17607
17609
17611
17613
17615
17617
17619
17621
17623
17625
17627
17629
17631
17633
17635
17637
17639
17641
17643
17645
17647
17649
17651
17653
17655
17657
17659
17661
17663
17665
17667
17669
17671
17673
17675
17677
17679
17681
17683
17685
17687
17689
17691
17693
17695
17697
17699
17701
17703
17705
17707
17709
17711
17713
17715
17717
17719
17721
17723
17725
17727
17729
17731
17733
17735
17737
17739
17741
17743
17745
17747
17749
17751
17753
17755
17757
17759
17761
17763
17765
17767
17769
17771
17773
17775
17777
17779
17781
17783
17785
17787
17789
17791
17793
17795
17797
17799
17801
17803
17805
17807
17809
17811
17813
17815
17817
17819
17821
17823
17825
17827
17829
17831
17833
17835
17837
17839
17841
17843
17845
17847
17849
17851
17853
17855
17857
17859
17861
17863
17865
17867
17869
17871
17873
17875
17877
17879
17881
17883
17885
17887
17889
17891
17893
17895
17897
17899
17901
17903
17905
17907
17909
17911
17913
17915
17917
17919
17921
17923
17925
17927
17929
17931
17933
17935
17937
17939
17941
17943
17945
17947
17949
17951
17953
17955
17957
17959
17961
17963
17965
17967
17969
17971
17973
17975
17977
17979
17981
17983
17985
17987
17989
17991
17993
17995
17997
17999
18001
18003
18005
18007
18009
18011
18013
18015
18017
18019
18021
18023
18025
18027
18029
18031
18033
18035
18037
18039
18041
18043
18045
18047
18049
18051
18053
18055
18057
18059
18061
18063
18065
18067
18069
18071
18073
18075
18077
18079
18081
18083
18085
18087
18089
18091
18093
18095
18097
18099
18101
18103
18105
18107
18109
18111
18113
18115
18117
18119
18121
18123
18125
18127
18129
18131
18133
18135
18137
18139
18141
18143
18145
18147
18149
18151
18153
18155
18157
18159
18161
18163
18165
18167
18169
18171
18173
18175
18177
18179
18181
18183
18185
18187
18189
18191
18193
18195
18197
18199
18201
18203
18205
18207
18209
18211
18213
18215
18217
18219
18221
18223
18225
18227
18229
18231
18233
18235
18237
18239
18241
18243
18245
18247
18249
18251
18253
18255
18257
18259
18261
18263
18265
18267
18269
18271
18273
18275
18277
18279
18281
18283
18285
18287
18289
18291
18293
18295
18297
18299
18301
18303
18305
18307
18309
18311
18313
18315
18317
18319
18321
18323
18325
18327
18329
18331
18333
18335
18337
18339
18341
18343
18345
18347
18349
18351
18353
18355
18357
18359
18361
18363
18365
18367
18369
18371
18373
18375
18377
18379
18381
18383
18385
18387
18389
18391
18393
18395
18397
18399
18401
18403
18405
18407
18409
18411
18413
18415
18417
18419
18421
18423
18425
18427
18429
18431
18433
18435
18437
18439
18441
18443
18445
18447
18449
18451
18453
18455
18457
18459
18461
18463
18465
18467
18469
18471
18473
18475
18477
18479
18481
18483
18485
18487
18489
18491
18493
18495
18497
18499
18501
18503
18505
18507
18509
18511
18513
18515
18517
18519
18521
18523
18525
18527
18529
18531
18533
18535
18537
18539
18541
18543
18545
18547
18549
18551
18553
18555
18557
18559
18561
18563
18565
18567
18569
18571
18573
18575
18577
18579
18581
18583
18585
18587
18589
18591
18593
18595
18597
18599
18601
18603
18605
18607
18609
18611
18613
18615
18617
18619
18621
18623
18625
18627
18629
18631
18633
18635
18637
18639
18641
18643
18645
18647
18649
18651
18653
18655
18657
18659
18661
18663
18665
18667
18669
18671
18673
18675
18677
18679
18681
18683
18685
18687
18689
18691
18693
18695
18697
18699
18701
18703
18705
18707
18709
18711
18713
18715
18717
18719
18721
18723
18725
18727
18729
18731
18733
18735
18737
18739
18741
18743
18745
18747
18749
18751
18753
18755
18757
18759
18761
18763
18765
18767
18769
18771
18773
18775
18777
18779
18781
18783
18785
18787
18789
18791
18793
18795
18797
18799
18801
18803
18805
18807
18809
18811
18813
18815
18817
18819
18821
18823
18825
18827
18829
18831
18833
18835
18837
18839
18841
18843
18845
18847
18849
18851
18853
18855
18857
18859
18861
18863
18865
18867
18869
18871
18873
18875
18877
18879
18881
18883
18885
18887
18889
18891
18893
18895
18897
18899
18901
18903
18905
18907
18909
18911
18913
18915
18917
18919
18921
18923
18925
18927
18929
18931
18933
18935
18937
18939
18941
18943
18945
18947
18949
18951
18953
18955
18957
18959
18961
18963
18965
18967
18969
18971
18973
18975
18977
18979
18981
18983
18985
18987
18989
18991
18993
18995
18997
18999
19001
19003
19005
19007
19009
19011
19013
19015
19017
19019
19021
19023
19025
19027
19029
19031
19033
19035
19037
19039
19041
19043
19045
19047
19049
19051
19053
19055
19057
19059
19061
19063
19065
19067
19069
19071
19073
19075
19077
19079
19081
19083
19085
19087
19089
19091
19093
19095
19097
19099
19101
19103
19105
19107
19109
19111
19113
19115
19117
19119
19121
19123
19125
19127
19129
19131
19133
19135
19137
19139
19141
19143
19145
19147
19149
19151
19153
19155
19157
19159
19161
19163
19165
19167
19169
19171
19173
19175
19177
19179
19181
19183
19185
19187
19189
19191
19193
19195
19197
19199
19201
19203
19205
19207
19209
19211
19213
19215
19217
19219
19221
19223
19225
19227
19229
19231
19233
19235
19237
19239
19241
19243
19245
19247
19249
19251
19253
19255
19257
19259
19261
19263
19265
19267
19269
19271
19273
19275
19277
19279
19281
19283
19285
19287
19289
19291
19293
19295
19297
19299
19301
19303
19305
19307
19309
19311
19313
19315
19317
19319
19321
19323
19325
19327
19329
19331
19333
19335
19337
19339
19341
19343
19345
19347
19349
19351
19353
19355
19357
19359
19361
19363
19365
19367
19369
19371
19373
19375
19377
19379
19381
19383
19385
19387
19389
19391
19393
19395
19397
19399
19401
19403
19405
19407
19409
19411
19413
19415
19417
19419
19421
19423
19425
19427
19429
19431
19433
19435
19437
19439
19441
19443
19445
19447
19449
19451
19453
19455
19457
19459
19461
19463
19465
19467
19469
19471
19473
19475
19477
19479
19481
19483
19485
19487
19489
19491
19493
19495
19497
19499
19501
19503
19505
19507
19509
19511
19513
19515
19517
19519
19521
19523
19525
19527
19529
19531
19533
19535
19537
19539
19541
19543
19545
19547
19549
19551
19553
19555
19557
19559
19561
19563
19565
19567
19569
19571
19573
19575
19577
19579
19581
19583
19585
19587
19589
19591
19593
19595
19597
19599
19601
19603
19605
19607
19609
19611
19613
19615
19617
19619
19621
19623
19625
19627
19629
19631
19633
19635
19637
19639
19641
19643
19645
19647
19649
19651
19653
19655
19657
19659
19661
19663
19665
19667
19669
19671
19673
19675
19677
19679
19681
19683
19685
19687
19689
19691
19693
19695
19697
19699
19701
19703
19705
19707
19709
19711
19713
19715
19717
19719
19721
19723
19725
19727
19729
19731
19733
19735
19737
19739
19741
19743
19745
19747
19749
19751
19753
19755
19757
19759
19761
19763
19765
19767
19769
19771
19773
19775
19777
19779
19781
19783
19785
19787
19789
19791
19793
19795
19797
19799
19801
19803
19805
19807
19809
19811
19813
19815
19817
19819
19821
19823
19825
19827
19829
19831
19833
19835
19837
19839
19841
19843
19845
19847
19849
19851
19853
19855
19857
19859
19861
19863
19865
19867
19869
19871
19873
19875
19877
19879
19881
19883
19885
19887
19889
19891
19893
19895
19897
19899
19901
19903
19905
19907
19909
19911
19913
19915
19917
19919
19921
19923
19925
19927
19929
19931
19933
19935
19937
19939
19941
19943
19945
19947
19949
19951
19953
19955
19957
19959
19961
19963
19965
19967
19969
19971
19973
19975
19977
19979
19981
19983
19985
19987
19989
19991
19993
19995
19997
19999
20001
20003
20005
20007
20009
20011
20013
20015
20017
20019
20021
20023
20025
20027
20029
20031
20033
20035
20037
20039
20041
20043
20045
20047
20049
20051
20053
20055
20057
20059
20061
20063
20065
20067
20069
20071
20073
20075
20077
20079
20081
20083
20085
20087
20089
20091
20093
20095
20097
20099
20101
20103
20105
20107
20109
20111
20113
20115
20117
20119
20121
20123
20125
20127
20129
20131
20133
20135
20137
20139
20141
20143
20145
20147
20149
20151
20153
20155
20157
20159
20161
20163
20165
20167
20169
20171
20173
20175
20177
20179
20181
20183
20185
20187
20189
20191
20193
20195
20197
20199
20201
20203
20205
20207
20209
20211
20213
20215
20217
20219
20221
20223
20225
20227
20229
20231
20233
20235
20237
20239
20241
20243
20245
20247
20249
20251
20253
20255
20257
20259
20261
20263
20265
20267
20269
20271
20273
20275
20277
20279
20281
20283
20285
20287
20289
20291
20293
20295
20297
20299
20301
20303
20305
20307
20309
20311
20313
20315
20317
20319
20321
20323
20325
20327
20329
20331
20333
20335
20337
20339
20341
20343
20345
20347
20349
20351
20353
20355
20357
20359
20361
20363
20365
20367
20369
20371
20373
20375
20377
20379
20381
20383
20385
20387
20389
20391
20393
20395
20397
20399
20401
20403
20405
20407
20409
20411
20413
20415
20417
20419
20421
20423
20425
20427
20429
20431
20433
20435
20437
20439
20441
20443
20445
20447
20449
20451
20453
20455
20457
20459
20461
20463
20465
20467
20469
20471
20473
20475
20477
20479
20481
20483
20485
20487
20489
20491
20493
20495
20497
20499
20501
20503
20505
20507
20509
20511
20513
20515
20517
20519
20521
20523
20525
20527
20529
20531
20533
20535
20537
20539
20541
20543
20545
20547
20549
20551
20553
20555
20557
20559
20561
20563
20565
20567
20569
20571
20573
20575
20577
20579
20581
20583
20585
20587
20589
20591
20593
20595
20597
20599
20601
20603
20605
20607
20609
20611
20613
20615
20617
20619
20621
20623
20625
20627
20629
20631
20633
20635
20637
20639
20641
20643
20645
20647
20649
20651
20653
20655
20657
20659
20661
20663
20665
20667
20669
20671
20673
20675
20677
20679
20681
20683
20685
20687
20689
20691
20693
20695
20697
20699
20701
20703
20705
20707
20709
20711
20713
20715
20717
20719
20721
20723
20725
20727
20729
20731
20733
20735
20737
20739
20741
20743
20745
20747
20749
20751
20753
20755
20757
20759
20761
20763
20765
20767
20769
20771
20773
20775
20777
20779
20781
20783
20785
20787
20789
20791
20793
20795
20797
20799
20801
20803
20805
20807
20809
20811
20813
20815
20817
20819
20821
20823
20825
20827
20829
20831
20833
20835
20837
20839
20841
20843
20845
20847
20849
20851
20853
20855
20857
20859
20861
20863
20865
20867
20869
20871
20873
20875
20877
20879
20881
20883
20885
20887
20889
20891
20893
20895
20897
20899
20901
20903
20905
20907
20909
20911
20913
20915
20917
20919
20921
20923
20925
20927
20929
20931
20933
20935
20937
20939
20941
20943
20945
20947
20949
20951
20953
20955
20957
20959
20961
20963
20965
20967
20969
20971
20973
20975
20977
20979
20981
20983
20985
20987
20989
20991
20993
20995
20997
20999
21001
21003
21005
21007
21009
21011
21013
21015
21017
21019
21021
21023
21025
21027
21029
21031
21033
21035
21037
21039
21041
21043
21045
21047
21049
21051
21053
21055
21057
21059
21061
21063
21065
21067
21069
21071
21073
21075
21077
21079
21081
21083
21085
21087
21089
21091
21093
21095
21097
21099
21101
21103
21105
21107
21109
21111
21113
21115
21117
21119
21121
21123
21125
21127
21129
21131
21133
21135
21137
21139
21141
21143
21145
21147
21149
21151
21153
21155
21157
21159
21161
21163
21165
21167
21169
21171
21173
21175
21177
21179
21181
21183
21185
21187
21189
21191
21193
21195
21197
21199
21201
21203
21205
21207
21209
21211
21213
21215
21217
21219
21221
21223
21225
21227
21229
21231
21233
21235
21237
21239
21241
21243
21245
21247
21249
21251
21253
21255
21257
21259
21261
21263
21265
21267
21269
21271
21273
21275
21277
21279
21281
21283
21285
21287
21289
21291
21293
21295
21297
21299
21301
21303
21305
21307
21309
21311
21313
21315
21317
21319
21321
21323
21325
21327
21329
21331
21333
21335
21337
21339
21341
21343
21345
21347
21349
21351
21353
21355
21357
21359
21361
21363
21365
21367
21369
21371
21373
21375
21377
21379
21381
21383
21385
21387
21389
21391
21393
21395
21397
21399
21401
21403
21405
21407
21409
21411
21413
21415
21417
21419
21421
21423
21425
21427
21429
21431
21433
21435
21437
21439
21441
21443
21445
21447
21449
21451
21453
21455
21457
21459
21461
21463
21465
21467
21469
21471
21473
21475
21477
21479
21481
21483
21485
21487
21489
21491
21493
21495
21497
21499
21501
21503
21505
21507
21509
21511
21513
21515
21517
21519
21521
21523
21525
21527
21529
21531
21533
21535
21537
21539
21541
21543
21545
21547
21549
21551
21553
21555
21557
21559
21561
21563
21565
21567
21569
21571
21573
21575
21577
21579
21581
21583
21585
21587
21589
21591
21593
21595
21597
21599
21601
21603
21605
21607
21609
21611
21613
21615
21617
21619
21621
21623
21625
21627
21629
21631
21633
21635
21637
21639
21641
21643
21645
21647
21649
21651
21653
21655
21657
21659
21661
21663
21665
21667
21669
21671
21673
21675
21677
21679
21681
21683
21685
21687
21689
21691
21693
21695
21697
21699
21701
21703
21705
21707
21709
21711
21713
21715
21717
21719
21721
21723
21725
21727
21729
21731
21733
21735
21737
21739
21741
21743
21745
21747
21749
21751
21753
21755
21757
21759
21761
21763
21765
21767
21769
21771
21773
21775
21777
21779
21781
21783
21785
21787
21789
21791
21793
21795
21797
21799
21801
21803
21805
21807
21809
21811
21813
21815
21817
21819
21821
21823
21825
21827
21829
21831
21833
21835
21837
21839
21841
21843
21845
21847
21849
21851
21853
21855
21857
21859
21861
21863
21865
21867
21869
21871
21873
21875
21877
21879
21881
21883
21885
21887
21889
21891
21893
21895
21897
21899
21901
21903
21905
21907
21909
21911
21913
21915
21917
21919
21921
21923
21925
21927
21929
21931
21933
21935
21937
21939
21941
21943
21945
21947
21949
21951
21953
21955
21957
21959
21961
21963
21965
21967
21969
21971
21973
21975
21977
21979
21981
21983
21985
21987
21989
21991
21993
21995
21997
21999
22001
22003
22005
22007
22009
22011
22013
22015
22017
22019
22021
22023
22025
22027
22029
22031
22033
22035
22037
22039
22041
22043
22045
22047
22049
22051
22053
22055
22057
22059
22061
22063
22065
22067
22069
22071
22073
22075
22077
22079
22081
22083
22085
22087
22089
22091
22093
22095
22097
22099
22101
22103
22105
22107
22109
22111
22113
22115
22117
22119
22121
22123
22125
22127
22129
22131
22133
22135
22137
22139
22141
22143
22145
22147
22149
22151
22153
22155
22157
22159
22161
22163
22165
22167
22169
22171
22173
22175
22177
22179
22181
22183
22185
22187
22189
22191
22193
22195
22197
22199
22201
22203
22205
22207
22209
22211
22213
22215
22217
22219
22221
22223
22225
22227
22229
22231
22233
22235
22237
22239
22241
22243
22245
22247
22249
22251
22253
22255
22257
22259
22261
22263
22265
22267
22269
22271
22273
22275
22277
22279
22281
22283
22285
22287
22289
22291
22293
22295
22297
22299
22301
22303
22305
22307
22309
22311
22313
22315
22317
22319
22321
22323
22325
22327
22329
22331
22333
22335
22337
22339
22341
22343
22345
22347
22349
22351
22353
22355
22357
22359
22361
22363
22365
22367
22369
22371
22373
22375
22377
22379
22381
22383
22385
22387
22389
22391
22393
22395
22397
22399
22401
22403
22405
22407
22409
22411
22413
22415
22417
22419
22421
22423
22425
22427
22429
22431
22433
22435
22437
22439
22441
22443
22445
22447
22449
22451
22453
22455
22457
22459
22461
22463
22465
22467
22469
22471
22473
22475
22477
22479
22481
22483
22485
22487
22489
22491
22493
22495
22497
22499
22501
22503
22505
22507
22509
22511
22513
22515
22517
22519
22521
22523
22525
22527
22529
22531
22533
22535
22537
22539
22541
22543
22545
22547
22549
22551
22553
22555
22557
22559
22561
22563
22565
22567
22569
22571
22573
22575
22577
22579
22581
22583
22585
22587
22589
22591
22593
22595
22597
22599
22601
22603
22605
22607
22609
22611
22613
22615
22617
22619
22621
22623
22625
22627
22629
22631
22633
22635
22637
22639
22641
22643
22645
22647
22649
22651
22653
22655
22657
22659
22661
22663
22665
22667
22669
22671
22673
22675
22677
22679
22681
22683
22685
22687
22689
22691
22693
22695
22697
22699
22701
22703
22705
22707
22709
22711
22713
22715
22717
22719
22721
22723
22725
22727
22729
22731
22733
22735
22737
22739
22741
22743
22745
22747
22749
22751
22753
22755
22757
22759
22761
22763
22765
22767
22769
22771
22773
22775
22777
22779
22781
22783
22785
22787
22789
22791
22793
22795
22797
22799
22801
22803
22805
22807
22809
22811
22813
22815
22817
22819
22821
22823
22825
22827
22829
22831
22833
22835
22837
22839
22841
22843
22845
22847
22849
22851
22853
22855
22857
22859
22861
22863
22865
22867
22869
22871
22873
22875
22877
22879
22881
22883
22885
22887
22889
22891
22893
22895
22897
22899
22901
22903
22905
22907
22909
22911
22913
22915
22917
22919
22921
22923
22925
22927
22929
22931
22933
22935
22937
22939
22941
22943
22945
22947
22949
22951
22953
22955
22957
22959
22961
22963
22965
22967
22969
22971
22973
22975
22977
22979
22981
22983
22985
22987
22989
22991
22993
22995
22997
22999
23001
23003
23005
23007
23009
23011
23013
23015
23017
23019
23021
23023
23025
23027
23029
23031
23033
23035
23037
23039
23041
23043
23045
23047
23049
23051
23053
23055
23057
23059
23061
23063
23065
23067
23069
23071
23073
23075
23077
23079
23081
23083
23085
23087
23089
23091
23093
23095
23097
23099
23101
23103
23105
23107
23109
23111
23113
23115
23117
23119
23121
23123
23125
23127
23129
23131
23133
23135
23137
23139
23141
23143
23145
23147
23149
23151
23153
23155
23157
23159
23161
23163
23165
23167
23169
23171
23173
23175
23177
23179
23181
23183
23185
23187
23189
23191
23193
23195
23197
23199
23201
23203
23205
23207
23209
23211
23213
23215
23217
23219
23221
23223
23225
23227
23229
23231
23233
23235
23237
23239
23241
23243
23245
23247
23249
23251
23253
23255
23257
23259
23261
23263
23265
23267
23269
23271
23273
23275
23277
23279
23281
23283
23285
23287
23289
23291
23293
23295
23297
23299
23301
23303
23305
23307
23309
23311
23313
23315
23317
23319
23321
23323
23325
23327
23329
23331
23333
23335
23337
23339
23341
23343
23345
23347
23349
23351
23353
23355
23357
23359
23361
23363
23365
23367
23369
23371
23373
23375
23377
23379
23381
23383
23385
23387
23389
23391
23393
23395
23397
23399
23401
23403
23405
23407
23409
23411
23413
23415
23417
23419
23421
23423
23425
23427
23429
23431
23433
23435
23437
23439
23441
23443
23445
23447
23449
23451
23453
23455
23457
23459
23461
23463
23465
23467
23469
23471
23473
23475
23477
23479
23481
23483
23485
23487
23489
23491
23493
23495
23497
23499
23501
23503
23505
23507
23509
23511
23513
23515
23517
23519
23521
23523
23525
23527
23529
23531
23533
23535
23537
23539
23541
23543
23545
23547
23549
23551
23553
23555
23557
23559
23561
23563
23565
23567
23569
23571
23573
23575
23577
23579
23581
23583
23585
23587
23589
23591
23593
23595
23597
23599
23601
23603
23605
23607
23609
23611
23613
23615
23617
23619
23621
23623
23625
23627
23629
23631
23633
23635
23637
23639
23641
23643
23645
23647
23649
23651
23653
23655
23657
23659
23661
23663
23665
23667
23669
23671
23673
23675
23677
23679
23681
23683
23685
23687
23689
23691
23693
23695
23697
23699
23701
23703
23705
23707
23709
23711
23713
23715
23717
23719
23721
23723
23725
23727
23729
23731
23733
23735
23737
23739
23741
23743
23745
23747
23749
23751
23753
23755
23757
23759
23761
23763
23765
23767
23769
23771
23773
23775
23777
23779
23781
23783
23785
23787
23789
23791
23793
23795
23797
23799
23801
23803
23805
23807
23809
23811
23813
23815
23817
23819
23821
23823
23825
23827
23829
23831
23833
23835
23837
23839
23841
23843
23845
23847
23849
23851
23853
23855
23857
23859
23861
23863
23865
23867
23869
23871
23873
23875
23877
23879
23881
23883
23885
23887
23889
23891
23893
23895
23897
23899
23901
23903
23905
23907
23909
23911
23913
23915
23917
23919
23921
23923
23925
23927
23929
23931
23933
23935
23937
23939
23941
23943
23945
23947
23949
23951
23953
23955
23957
23959
23961
23963
23965
23967
23969
23971
23973
23975
23977
23979
23981
23983
23985
23987
23989
23991
23993
23995
23997
23999
24001
24003
24005
24007
24009
24011
24013
24015
24017
24019
24021
24023
24025
24027
24029
24031
24033
24035
24037
24039
24041
24043
24045
24047
24049
24051
24053
24055
24057
24059
24061
24063
24065
24067
24069
24071
24073
24075
24077
24079
24081
24083
24085
24087
24089
24091
24093
24095
24097
24099
24101
24103
24105
24107
24109
24111
24113
24115
24117
24119
24121
24123
24125
24127
24129
24131
24133
24135
24137
24139
24141
24143
24145
24147
24149
24151
24153
24155
24157
24159
24161
24163
24165
24167
24169
24171
24173
24175
24177
24179
24181
24183
24185
24187
24189
24191
24193
24195
24197
24199
24201
24203
24205
24207
24209
24211
24213
24215
24217
24219
24221
24223
24225
24227
24229
24231
24233
24235
24237
24239
24241
24243
24245
24247
24249
24251
24253
24255
24257
24259
24261
24263
24265
24267
24269
24271
24273
24275
24277
24279
24281
24283
24285
24287
24289
24291
24293
24295
24297
24299
24301
24303
24305
24307
24309
24311
24313
24315
24317
24319
24321
24323
24325
24327
24329
24331
24333
24335
24337
24339
24341
24343
24345
24347
24349
24351
24353
24355
24357
24359
24361
24363
24365
24367
24369
24371
24373
24375
24377
24379
24381
24383
24385
24387
24389
24391
24393
24395
24397
24399
24401
24403
24405
24407
24409
24411
24413
24415
24417
24419
24421
24423
24425
24427
24429
24431
24433
24435
24437
24439
24441
24443
24445
24447
24449
24451
24453
24455
24457
24459
24461
24463
24465
24467
24469
24471
24473
24475
24477
24479
24481
24483
24485
24487
24489
24491
24493
24495
24497
24499
24501
24503
24505
24507
24509
24511
24513
24515
24517
24519
24521
24523
24525
24527
24529
24531
24533
24535
24537
24539
24541
24543
24545
24547
24549
24551
24553
24555
24557
24559
24561
24563
24565
24567
24569
24571
24573
24575
24577
24579
24581
24583
24585
24587
24589
24591
24593
24595
24597
24599
24601
24603
24605
24607
24609
24611
24613
24615
24617
24619
24621
24623
24625
24627
24629
24631
24633
24635
24637
24639
24641
24643
24645
24647
24649
24651
24653
24655
24657
24659
24661
24663
24665
24667
24669
24671
24673
24675
24677
24679
24681
24683
24685
24687
24689
24691
24693
24695
24697
24699
24701
24703
24705
24707
24709
24711
24713
24715
24717
24719
24721
24723
24725
24727
24729
24731
24733
24735
24737
24739
24741
24743
24745
24747
24749
24751
24753
24755
24757
24759
24761
24763
24765
