c 23194 vertices
c 28221 edges
c 18295 edges after de-duplication
s vc 23194 4899
1
13400
13402
13404
13406
13408
13410
13412
13414
13416
13418
13420
13422
13424
13426
13428
13430
13432
13434
13436
13438
13440
13442
13444
13446
13448
13450
13452
13454
13456
13458
13460
13462
13464
13466
13468
13470
13472
13474
13476
13478
13480
13482
13484
13486
13488
13490
13492
13494
13496
13498
13500
13502
13504
13506
13508
13510
13512
13514
13516
13518
13520
13522
13524
13526
13528
13530
13532
13534
13536
13538
13540
13542
13544
13546
13548
13550
13552
13554
13556
13558
13560
13562
13564
13566
13568
13570
13572
13574
13576
13578
13580
13582
13584
13586
13588
13590
13592
13594
13596
13598
13600
13602
13604
13606
13608
13610
13612
13614
13616
13618
13620
13622
13624
13626
13628
13630
13632
13634
13636
13638
13640
13642
13644
13646
13648
13650
13652
13654
13656
13658
13660
13662
13664
13666
13668
13670
13672
13674
13676
13678
13680
13682
13684
13686
13688
13690
13692
13694
13696
13698
13700
13702
13704
13706
13708
13710
13712
13714
13716
13718
13720
13722
13724
13726
13728
13730
13732
13734
13736
13738
13740
13742
13744
13746
13748
13750
13752
13754
13756
13758
13760
13762
13764
13766
13768
13770
13772
13774
13776
13778
13780
13782
13784
13786
13788
13790
13792
13794
13796
13798
13800
13802
13804
13806
13808
13810
13812
13814
13816
13818
13820
13822
13824
13826
13828
13830
13832
13834
13836
13838
13840
13842
13844
13846
13848
13850
13852
13854
13856
13858
13860
13862
13864
13866
13868
13870
13872
13874
13876
13878
13880
13882
13884
13886
13888
13890
13892
13894
13896
13898
13900
13902
13904
13906
13908
13910
13912
13914
13916
13918
13920
13922
13924
13926
13928
13930
13932
13934
13936
13938
13940
13942
13944
13946
13948
13950
13952
13954
13956
13958
13960
13962
13964
13966
13968
13970
13972
13974
13976
13978
13980
13982
13984
13986
13988
13990
13992
13994
13996
13998
14000
14002
14004
14006
14008
14010
14012
14014
14016
14018
14020
14022
14024
14026
14028
14030
14032
14034
14036
14038
14040
14042
14044
14046
14048
14050
14052
14054
14056
14058
14060
14062
14064
14066
14068
14070
14072
14074
14076
14078
14080
14082
14084
14086
14088
14090
14092
14094
14096
14098
14100
14102
14104
14106
14108
14110
14112
14114
14116
14118
14120
14122
14124
14126
14128
14130
14132
14134
14136
14138
14140
14142
14144
14146
14148
14150
14152
14154
14156
14158
14160
14162
14164
14166
14168
14170
14172
14174
14176
14178
14180
14182
14184
14186
14188
14190
14192
14194
14196
14198
14200
14202
14204
14206
14208
14210
14212
14214
14216
14218
14220
14222
14224
14226
14228
14230
14232
14234
14236
14238
14240
14242
14244
14246
14248
14250
14252
14254
14256
14258
14260
14262
14264
14266
14268
14270
14272
14274
14276
14278
14280
14282
14284
14286
14288
14290
14292
14294
14296
14298
14300
14302
14304
14306
14308
14310
14312
14314
14316
14318
14320
14322
14324
14326
14328
14330
14332
14334
14336
14338
14340
14342
14344
14346
14348
14350
14352
14354
14356
14358
14360
14362
14364
14366
14368
14370
14372
14374
14376
14378
14380
14382
14384
14386
14388
14390
14392
14394
14396
14398
14400
14402
14404
14406
14408
14410
14412
14414
14416
14418
14420
14422
14424
14426
14428
14430
14432
14434
14436
14438
14440
14442
14444
14446
14448
14450
14452
14454
14456
14458
14460
14462
14464
14466
14468
14470
14472
14474
14476
14478
14480
14482
14484
14486
14488
14490
14492
14494
14496
14498
14500
14502
14504
14506
14508
14510
14512
14514
14516
14518
14520
14522
14524
14526
14528
14530
14532
14534
14536
14538
14540
14542
14544
14546
14548
14550
14552
14554
14556
14558
14560
14562
14564
14566
14568
14570
14572
14574
14576
14578
14580
14582
14584
14586
14588
14590
14592
14594
14596
14598
14600
14602
14604
14606
14608
14610
14612
14614
14616
14618
14620
14622
14624
14626
14628
14630
14632
14634
14636
14638
14640
14642
14644
14646
14648
14650
14652
14654
14656
14658
14660
14662
14664
14666
14668
14670
14672
14674
14676
14678
14680
14682
14684
14686
14688
14690
14692
14694
14696
14698
14700
14702
14704
14706
14708
14710
14712
14714
14716
14718
14720
14722
14724
14726
14728
14730
14732
14734
14736
14738
14740
14742
14744
14746
14748
14750
14752
14754
14756
14758
14760
14762
14764
14766
14768
14770
14772
14774
14776
14778
14780
14782
14784
14786
14788
14790
14792
14794
14796
14798
14800
14802
14804
14806
14808
14810
14812
14814
14816
14818
14820
14822
14824
14826
14828
14830
14832
14834
14836
14838
14840
14842
14844
14846
14848
14850
14852
14854
14856
14858
14860
14862
14864
14866
14868
14870
14872
14874
14876
14878
14880
14882
14884
14886
14888
14890
14892
14894
14896
14898
14900
14902
14904
14906
14908
14910
14912
14914
14916
14918
14920
14922
14924
14926
14928
14930
14932
14934
14936
14938
14940
14942
14944
14946
14948
14950
14952
14954
14956
14958
14960
14962
14964
14966
14968
14970
14972
14974
14976
14978
14980
14982
14984
14986
14988
14990
14992
14994
14996
14998
15000
15002
15004
15006
15008
15010
15012
15014
15016
15018
15020
15022
15024
15026
15028
15030
15032
15034
15036
15038
15040
15042
15044
15046
15048
15050
15052
15054
15056
15058
15060
15062
15064
15066
15068
15070
15072
15074
15076
15078
15080
15082
15084
15086
15088
15090
15092
15094
15096
15098
15100
15102
15104
15106
15108
15110
15112
15114
15116
15118
15120
15122
15124
15126
15128
15130
15132
15134
15136
15138
15140
15142
15144
15146
15148
15150
15152
15154
15156
15158
15160
15162
15164
15166
15168
15170
15172
15174
15176
15178
15180
15182
15184
15186
15188
15190
15192
15194
15196
15198
15200
15202
15204
15206
15208
15210
15212
15214
15216
15218
15220
15222
15224
15226
15228
15230
15232
15234
15236
15238
15240
15242
15244
15246
15248
15250
15252
15254
15256
15258
15260
15262
15264
15266
15268
15270
15272
15274
15276
15278
15280
15282
15284
15286
15288
15290
15292
15294
15296
15298
15300
15302
15304
15306
15308
15310
15312
15314
15316
15318
15320
15322
15324
15326
15328
15330
15332
15334
15336
15338
15340
15342
15344
15346
15348
15350
15352
15354
15356
15358
15360
15362
15364
15366
15368
15370
15372
15374
15376
15378
15380
15382
15384
15386
15388
15390
15392
15394
15396
15398
15400
15402
15404
15406
15408
15410
15412
15414
15416
15418
15420
15422
15424
15426
15428
15430
15432
15434
15436
15438
15440
15442
15444
15446
15448
15450
15452
15454
15456
15458
15460
15462
15464
15466
15468
15470
15472
15474
15476
15478
15480
15482
15484
15486
15488
15490
15492
15494
15496
15498
15500
15502
15504
15506
15508
15510
15512
15514
15516
15518
15520
15522
15524
15526
15528
15530
15532
15534
15536
15538
15540
15542
15544
15546
15548
15550
15552
15554
15556
15558
15560
15562
15564
15566
15568
15570
15572
15574
15576
15578
15580
15582
15584
15586
15588
15590
15592
15594
15596
15598
15600
15602
15604
15606
15608
15610
15612
15614
15616
15618
15620
15622
15624
15626
15628
15630
15632
15634
15636
15638
15640
15642
15644
15646
15648
15650
15652
15654
15656
15658
15660
15662
15664
15666
15668
15670
15672
15674
15676
15678
15680
15682
15684
15686
15688
15690
15692
15694
15696
15698
15700
15702
15704
15706
15708
15710
15712
15714
15716
15718
15720
15722
15724
15726
15728
15730
15732
15734
15736
15738
15740
15742
15744
15746
15748
15750
15752
15754
15756
15758
15760
15762
15764
15766
15768
15770
15772
15774
15776
15778
15780
15782
15784
15786
15788
15790
15792
15794
15796
15798
15800
15802
15804
15806
15808
15810
15812
15814
15816
15818
15820
15822
15824
15826
15828
15830
15832
15834
15836
15838
15840
15842
15844
15846
15848
15850
15852
15854
15856
15858
15860
15862
15864
15866
15868
15870
15872
15874
15876
15878
15880
15882
15884
15886
15888
15890
15892
15894
15896
15898
15900
15902
15904
15906
15908
15910
15912
15914
15916
15918
15920
15922
15924
15926
15928
15930
15932
15934
15936
15938
15940
15942
15944
15946
15948
15950
15952
15954
15956
15958
15960
15962
15964
15966
15968
15970
15972
15974
15976
15978
15980
15982
15984
15986
15988
15990
15992
15994
15996
15998
16000
16002
16004
16006
16008
16010
16012
16014
16016
16018
16020
16022
16024
16026
16028
16030
16032
16034
16036
16038
16040
16042
16044
16046
16048
16050
16052
16054
16056
16058
16060
16062
16064
16066
16068
16070
16072
16074
16076
16078
16080
16082
16084
16086
16088
16090
16092
16094
16096
16098
16100
16102
16104
16106
16108
16110
16112
16114
16116
16118
16120
16122
16124
16126
16128
16130
16132
16134
16136
16138
16140
16142
16144
16146
16148
16150
16152
16154
16156
16158
16160
16162
16164
16166
16168
16170
16172
16174
16176
16178
16180
16182
16184
16186
16188
16190
16192
16194
16196
16198
16200
16202
16204
16206
16208
16210
16212
16214
16216
16218
16220
16222
16224
16226
16228
16230
16232
16234
16236
16238
16240
16242
16244
16246
16248
16250
16252
16254
16256
16258
16260
16262
16264
16266
16268
16270
16272
16274
16276
16278
16280
16282
16284
16286
16288
16290
16292
16294
16296
16298
16300
16302
16304
16306
16308
16310
16312
16314
16316
16318
16320
16322
16324
16326
16328
16330
16332
16334
16336
16338
16340
16342
16344
16346
16348
16350
16352
16354
16356
16358
16360
16362
16364
16366
16368
16370
16372
16374
16376
16378
16380
16382
16384
16386
16388
16390
16392
16394
16396
16398
16400
16402
16404
16406
16408
16410
16412
16414
16416
16418
16420
16422
16424
16426
16428
16430
16432
16434
16436
16438
16440
16442
16444
16446
16448
16450
16452
16454
16456
16458
16460
16462
16464
16466
16468
16470
16472
16474
16476
16478
16480
16482
16484
16486
16488
16490
16492
16494
16496
16498
16500
16502
16504
16506
16508
16510
16512
16514
16516
16518
16520
16522
16524
16526
16528
16530
16532
16534
16536
16538
16540
16542
16544
16546
16548
16550
16552
16554
16556
16558
16560
16562
16564
16566
16568
16570
16572
16574
16576
16578
16580
16582
16584
16586
16588
16590
16592
16594
16596
16598
16600
16602
16604
16606
16608
16610
16612
16614
16616
16618
16620
16622
16624
16626
16628
16630
16632
16634
16636
16638
16640
16642
16644
16646
16648
16650
16652
16654
16656
16658
16660
16662
16664
16666
16668
16670
16672
16674
16676
16678
16680
16682
16684
16686
16688
16690
16692
16694
16696
16698
16700
16702
16704
16706
16708
16710
16712
16714
16716
16718
16720
16722
16724
16726
16728
16730
16732
16734
16736
16738
16740
16742
16744
16746
16748
16750
16752
16754
16756
16758
16760
16762
16764
16766
16768
16770
16772
16774
16776
16778
16780
16782
16784
16786
16788
16790
16792
16794
16796
16798
16800
16802
16804
16806
16808
16810
16812
16814
16816
16818
16820
16822
16824
16826
16828
16830
16832
16834
16836
16838
16840
16842
16844
16846
16848
16850
16852
16854
16856
16858
16860
16862
16864
16866
16868
16870
16872
16874
16876
16878
16880
16882
16884
16886
16888
16890
16892
16894
16896
16898
16900
16902
16904
16906
16908
16910
16912
16914
16916
16918
16920
16922
16924
16926
16928
16930
16932
16934
16936
16938
16940
16942
16944
16946
16948
16950
16952
16954
16956
16958
16960
16962
16964
16966
16968
16970
16972
16974
16976
16978
16980
16982
16984
16986
16988
16990
16992
16994
16996
16998
17000
17002
17004
17006
17008
17010
17012
17014
17016
17018
17020
17022
17024
17026
17028
17030
17032
17034
17036
17038
17040
17042
17044
17046
17048
17050
17052
17054
17056
17058
17060
17062
17064
17066
17068
17070
17072
17074
17076
17078
17080
17082
17084
17086
17088
17090
17092
17094
17096
17098
17100
17102
17104
17106
17108
17110
17112
17114
17116
17118
17120
17122
17124
17126
17128
17130
17132
17134
17136
17138
17140
17142
17144
17146
17148
17150
17152
17154
17156
17158
17160
17162
17164
17166
17168
17170
17172
17174
17176
17178
17180
17182
17184
17186
17188
17190
17192
17194
17196
17198
17200
17202
17204
17206
17208
17210
17212
17214
17216
17218
17220
17222
17224
17226
17228
17230
17232
17234
17236
17238
17240
17242
17244
17246
17248
17250
17252
17254
17256
17258
17260
17262
17264
17266
17268
17270
17272
17274
17276
17278
17280
17282
17284
17286
17288
17290
17292
17294
17296
17298
17300
17302
17304
17306
17308
17310
17312
17314
17316
17318
17320
17322
17324
17326
17328
17330
17332
17334
17336
17338
17340
17342
17344
17346
17348
17350
17352
17354
17356
17358
17360
17362
17364
17366
17368
17370
17372
17374
17376
17378
17380
17382
17384
17386
17388
17390
17392
17394
17396
17398
17400
17402
17404
17406
17408
17410
17412
17414
17416
17418
17420
17422
17424
17426
17428
17430
17432
17434
17436
17438
17440
17442
17444
17446
17448
17450
17452
17454
17456
17458
17460
17462
17464
17466
17468
17470
17472
17474
17476
17478
17480
17482
17484
17486
17488
17490
17492
17494
17496
17498
17500
17502
17504
17506
17508
17510
17512
17514
17516
17518
17520
17522
17524
17526
17528
17530
17532
17534
17536
17538
17540
17542
17544
17546
17548
17550
17552
17554
17556
17558
17560
17562
17564
17566
17568
17570
17572
17574
17576
17578
17580
17582
17584
17586
17588
17590
17592
17594
17596
17598
17600
17602
17604
17606
17608
17610
17612
17614
17616
17618
17620
17622
17624
17626
17628
17630
17632
17634
17636
17638
17640
17642
17644
17646
17648
17650
17652
17654
17656
17658
17660
17662
17664
17666
17668
17670
17672
17674
17676
17678
17680
17682
17684
17686
17688
17690
17692
17694
17696
17698
17700
17702
17704
17706
17708
17710
17712
17714
17716
17718
17720
17722
17724
17726
17728
17730
17732
17734
17736
17738
17740
17742
17744
17746
17748
17750
17752
17754
17756
17758
17760
17762
17764
17766
17768
17770
17772
17774
17776
17778
17780
17782
17784
17786
17788
17790
17792
17794
17796
17798
17800
17802
17804
17806
17808
17810
17812
17814
17816
17818
17820
17822
17824
17826
17828
17830
17832
17834
17836
17838
17840
17842
17844
17846
17848
17850
17852
17854
17856
17858
17860
17862
17864
17866
17868
17870
17872
17874
17876
17878
17880
17882
17884
17886
17888
17890
17892
17894
17896
17898
17900
17902
17904
17906
17908
17910
17912
17914
17916
17918
17920
17922
17924
17926
17928
17930
17932
17934
17936
17938
17940
17942
17944
17946
17948
17950
17952
17954
17956
17958
17960
17962
17964
17966
17968
17970
17972
17974
17976
17978
17980
17982
17984
17986
17988
17990
17992
17994
17996
17998
18000
18002
18004
18006
18008
18010
18012
18014
18016
18018
18020
18022
18024
18026
18028
18030
18032
18034
18036
18038
18040
18042
18044
18046
18048
18050
18052
18054
18056
18058
18060
18062
18064
18066
18068
18070
18072
18074
18076
18078
18080
18082
18084
18086
18088
18090
18092
18094
18096
18098
18100
18102
18104
18106
18108
18110
18112
18114
18116
18118
18120
18122
18124
18126
18128
18130
18132
18134
18136
18138
18140
18142
18144
18146
18148
18150
18152
18154
18156
18158
18160
18162
18164
18166
18168
18170
18172
18174
18176
18178
18180
18182
18184
18186
18188
18190
18192
18194
18196
18198
18200
18202
18204
18206
18208
18210
18212
18214
18216
18218
18220
18222
18224
18226
18228
18230
18232
18234
18236
18238
18240
18242
18244
18246
18248
18250
18252
18254
18256
18258
18260
18262
18264
18266
18268
18270
18272
18274
18276
18278
18280
18282
18284
18286
18288
18290
18292
18294
18296
18298
18300
18302
18304
18306
18308
18310
18312
18314
18316
18318
18320
18322
18324
18326
18328
18330
18332
18334
18336
18338
18340
18342
18344
18346
18348
18350
18352
18354
18356
18358
18360
18362
18364
18366
18368
18370
18372
18374
18376
18378
18380
18382
18384
18386
18388
18390
18392
18394
18396
18398
18400
18402
18404
18406
18408
18410
18412
18414
18416
18418
18420
18422
18424
18426
18428
18430
18432
18434
18436
18438
18440
18442
18444
18446
18448
18450
18452
18454
18456
18458
18460
18462
18464
18466
18468
18470
18472
18474
18476
18478
18480
18482
18484
18486
18488
18490
18492
18494
18496
18498
18500
18502
18504
18506
18508
18510
18512
18514
18516
18518
18520
18522
18524
18526
18528
18530
18532
18534
18536
18538
18540
18542
18544
18546
18548
18550
18552
18554
18556
18558
18560
18562
18564
18566
18568
18570
18572
18574
18576
18578
18580
18582
18584
18586
18588
18590
18592
18594
18596
18598
18600
18602
18604
18606
18608
18610
18612
18614
18616
18618
18620
18622
18624
18626
18628
18630
18632
18634
18636
18638
18640
18642
18644
18646
18648
18650
18652
18654
18656
18658
18660
18662
18664
18666
18668
18670
18672
18674
18676
18678
18680
18682
18684
18686
18688
18690
18692
18694
18696
18698
18700
18702
18704
18706
18708
18710
18712
18714
18716
18718
18720
18722
18724
18726
18728
18730
18732
18734
18736
18738
18740
18742
18744
18746
18748
18750
18752
18754
18756
18758
18760
18762
18764
18766
18768
18770
18772
18774
18776
18778
18780
18782
18784
18786
18788
18790
18792
18794
18796
18798
18800
18802
18804
18806
18808
18810
18812
18814
18816
18818
18820
18822
18824
18826
18828
18830
18832
18834
18836
18838
18840
18842
18844
18846
18848
18850
18852
18854
18856
18858
18860
18862
18864
18866
18868
18870
18872
18874
18876
18878
18880
18882
18884
18886
18888
18890
18892
18894
18896
18898
18900
18902
18904
18906
18908
18910
18912
18914
18916
18918
18920
18922
18924
18926
18928
18930
18932
18934
18936
18938
18940
18942
18944
18946
18948
18950
18952
18954
18956
18958
18960
18962
18964
18966
18968
18970
18972
18974
18976
18978
18980
18982
18984
18986
18988
18990
18992
18994
18996
18998
19000
19002
19004
19006
19008
19010
19012
19014
19016
19018
19020
19022
19024
19026
19028
19030
19032
19034
19036
19038
19040
19042
19044
19046
19048
19050
19052
19054
19056
19058
19060
19062
19064
19066
19068
19070
19072
19074
19076
19078
19080
19082
19084
19086
19088
19090
19092
19094
19096
19098
19100
19102
19104
19106
19108
19110
19112
19114
19116
19118
19120
19122
19124
19126
19128
19130
19132
19134
19136
19138
19140
19142
19144
19146
19148
19150
19152
19154
19156
19158
19160
19162
19164
19166
19168
19170
19172
19174
19176
19178
19180
19182
19184
19186
19188
19190
19192
19194
19196
19198
19200
19202
19204
19206
19208
19210
19212
19214
19216
19218
19220
19222
19224
19226
19228
19230
19232
19234
19236
19238
19240
19242
19244
19246
19248
19250
19252
19254
19256
19258
19260
19262
19264
19266
19268
19270
19272
19274
19276
19278
19280
19282
19284
19286
19288
19290
19292
19294
19296
19298
19300
19302
19304
19306
19308
19310
19312
19314
19316
19318
19320
19322
19324
19326
19328
19330
19332
19334
19336
19338
19340
19342
19344
19346
19348
19350
19352
19354
19356
19358
19360
19362
19364
19366
19368
19370
19372
19374
19376
19378
19380
19382
19384
19386
19388
19390
19392
19394
19396
19398
19400
19402
19404
19406
19408
19410
19412
19414
19416
19418
19420
19422
19424
19426
19428
19430
19432
19434
19436
19438
19440
19442
19444
19446
19448
19450
19452
19454
19456
19458
19460
19462
19464
19466
19468
19470
19472
19474
19476
19478
19480
19482
19484
19486
19488
19490
19492
19494
19496
19498
19500
19502
19504
19506
19508
19510
19512
19514
19516
19518
19520
19522
19524
19526
19528
19530
19532
19534
19536
19538
19540
19542
19544
19546
19548
19550
19552
19554
19556
19558
19560
19562
19564
19566
19568
19570
19572
19574
19576
19578
19580
19582
19584
19586
19588
19590
19592
19594
19596
19598
19600
19602
19604
19606
19608
19610
19612
19614
19616
19618
19620
19622
19624
19626
19628
19630
19632
19634
19636
19638
19640
19642
19644
19646
19648
19650
19652
19654
19656
19658
19660
19662
19664
19666
19668
19670
19672
19674
19676
19678
19680
19682
19684
19686
19688
19690
19692
19694
19696
19698
19700
19702
19704
19706
19708
19710
19712
19714
19716
19718
19720
19722
19724
19726
19728
19730
19732
19734
19736
19738
19740
19742
19744
19746
19748
19750
19752
19754
19756
19758
19760
19762
19764
19766
19768
19770
19772
19774
19776
19778
19780
19782
19784
19786
19788
19790
19792
19794
19796
19798
19800
19802
19804
19806
19808
19810
19812
19814
19816
19818
19820
19822
19824
19826
19828
19830
19832
19834
19836
19838
19840
19842
19844
19846
19848
19850
19852
19854
19856
19858
19860
19862
19864
19866
19868
19870
19872
19874
19876
19878
19880
19882
19884
19886
19888
19890
19892
19894
19896
19898
19900
19902
19904
19906
19908
19910
19912
19914
19916
19918
19920
19922
19924
19926
19928
19930
19932
19934
19936
19938
19940
19942
19944
19946
19948
19950
19952
19954
19956
19958
19960
19962
19964
19966
19968
19970
19972
19974
19976
19978
19980
19982
19984
19986
19988
19990
19992
19994
19996
19998
20000
20002
20004
20006
20008
20010
20012
20014
20016
20018
20020
20022
20024
20026
20028
20030
20032
20034
20036
20038
20040
20042
20044
20046
20048
20050
20052
20054
20056
20058
20060
20062
20064
20066
20068
20070
20072
20074
20076
20078
20080
20082
20084
20086
20088
20090
20092
20094
20096
20098
20100
20102
20104
20106
20108
20110
20112
20114
20116
20118
20120
20122
20124
20126
20128
20130
20132
20134
20136
20138
20140
20142
20144
20146
20148
20150
20152
20154
20156
20158
20160
20162
20164
20166
20168
20170
20172
20174
20176
20178
20180
20182
20184
20186
20188
20190
20192
20194
20196
20198
20200
20202
20204
20206
20208
20210
20212
20214
20216
20218
20220
20222
20224
20226
20228
20230
20232
20234
20236
20238
20240
20242
20244
20246
20248
20250
20252
20254
20256
20258
20260
20262
20264
20266
20268
20270
20272
20274
20276
20278
20280
20282
20284
20286
20288
20290
20292
20294
20296
20298
20300
20302
20304
20306
20308
20310
20312
20314
20316
20318
20320
20322
20324
20326
20328
20330
20332
20334
20336
20338
20340
20342
20344
20346
20348
20350
20352
20354
20356
20358
20360
20362
20364
20366
20368
20370
20372
20374
20376
20378
20380
20382
20384
20386
20388
20390
20392
20394
20396
20398
20400
20402
20404
20406
20408
20410
20412
20414
20416
20418
20420
20422
20424
20426
20428
20430
20432
20434
20436
20438
20440
20442
20444
20446
20448
20450
20452
20454
20456
20458
20460
20462
20464
20466
20468
20470
20472
20474
20476
20478
20480
20482
20484
20486
20488
20490
20492
20494
20496
20498
20500
20502
20504
20506
20508
20510
20512
20514
20516
20518
20520
20522
20524
20526
20528
20530
20532
20534
20536
20538
20540
20542
20544
20546
20548
20550
20552
20554
20556
20558
20560
20562
20564
20566
20568
20570
20572
20574
20576
20578
20580
20582
20584
20586
20588
20590
20592
20594
20596
20598
20600
20602
20604
20606
20608
20610
20612
20614
20616
20618
20620
20622
20624
20626
20628
20630
20632
20634
20636
20638
20640
20642
20644
20646
20648
20650
20652
20654
20656
20658
20660
20662
20664
20666
20668
20670
20672
20674
20676
20678
20680
20682
20684
20686
20688
20690
20692
20694
20696
20698
20700
20702
20704
20706
20708
20710
20712
20714
20716
20718
20720
20722
20724
20726
20728
20730
20732
20734
20736
20738
20740
20742
20744
20746
20748
20750
20752
20754
20756
20758
20760
20762
20764
20766
20768
20770
20772
20774
20776
20778
20780
20782
20784
20786
20788
20790
20792
20794
20796
20798
20800
20802
20804
20806
20808
20810
20812
20814
20816
20818
20820
20822
20824
20826
20828
20830
20832
20834
20836
20838
20840
20842
20844
20846
20848
20850
20852
20854
20856
20858
20860
20862
20864
20866
20868
20870
20872
20874
20876
20878
20880
20882
20884
20886
20888
20890
20892
20894
20896
20898
20900
20902
20904
20906
20908
20910
20912
20914
20916
20918
20920
20922
20924
20926
20928
20930
20932
20934
20936
20938
20940
20942
20944
20946
20948
20950
20952
20954
20956
20958
20960
20962
20964
20966
20968
20970
20972
20974
20976
20978
20980
20982
20984
20986
20988
20990
20992
20994
20996
20998
21000
21002
21004
21006
21008
21010
21012
21014
21016
21018
21020
21022
21024
21026
21028
21030
21032
21034
21036
21038
21040
21042
21044
21046
21048
21050
21052
21054
21056
21058
21060
21062
21064
21066
21068
21070
21072
21074
21076
21078
21080
21082
21084
21086
21088
21090
21092
21094
21096
21098
21100
21102
21104
21106
21108
21110
21112
21114
21116
21118
21120
21122
21124
21126
21128
21130
21132
21134
21136
21138
21140
21142
21144
21146
21148
21150
21152
21154
21156
21158
21160
21162
21164
21166
21168
21170
21172
21174
21176
21178
21180
21182
21184
21186
21188
21190
21192
21194
21196
21198
21200
21202
21204
21206
21208
21210
21212
21214
21216
21218
21220
21222
21224
21226
21228
21230
21232
21234
21236
21238
21240
21242
21244
21246
21248
21250
21252
21254
21256
21258
21260
21262
21264
21266
21268
21270
21272
21274
21276
21278
21280
21282
21284
21286
21288
21290
21292
21294
21296
21298
21300
21302
21304
21306
21308
21310
21312
21314
21316
21318
21320
21322
21324
21326
21328
21330
21332
21334
21336
21338
21340
21342
21344
21346
21348
21350
21352
21354
21356
21358
21360
21362
21364
21366
21368
21370
21372
21374
21376
21378
21380
21382
21384
21386
21388
21390
21392
21394
21396
21398
21400
21402
21404
21406
21408
21410
21412
21414
21416
21418
21420
21422
21424
21426
21428
21430
21432
21434
21436
21438
21440
21442
21444
21446
21448
21450
21452
21454
21456
21458
21460
21462
21464
21466
21468
21470
21472
21474
21476
21478
21480
21482
21484
21486
21488
21490
21492
21494
21496
21498
21500
21502
21504
21506
21508
21510
21512
21514
21516
21518
21520
21522
21524
21526
21528
21530
21532
21534
21536
21538
21540
21542
21544
21546
21548
21550
21552
21554
21556
21558
21560
21562
21564
21566
21568
21570
21572
21574
21576
21578
21580
21582
21584
21586
21588
21590
21592
21594
21596
21598
21600
21602
21604
21606
21608
21610
21612
21614
21616
21618
21620
21622
21624
21626
21628
21630
21632
21634
21636
21638
21640
21642
21644
21646
21648
21650
21652
21654
21656
21658
21660
21662
21664
21666
21668
21670
21672
21674
21676
21678
21680
21682
21684
21686
21688
21690
21692
21694
21696
21698
21700
21702
21704
21706
21708
21710
21712
21714
21716
21718
21720
21722
21724
21726
21728
21730
21732
21734
21736
21738
21740
21742
21744
21746
21748
21750
21752
21754
21756
21758
21760
21762
21764
21766
21768
21770
21772
21774
21776
21778
21780
21782
21784
21786
21788
21790
21792
21794
21796
21798
21800
21802
21804
21806
21808
21810
21812
21814
21816
21818
21820
21822
21824
21826
21828
21830
21832
21834
21836
21838
21840
21842
21844
21846
21848
21850
21852
21854
21856
21858
21860
21862
21864
21866
21868
21870
21872
21874
21876
21878
21880
21882
21884
21886
21888
21890
21892
21894
21896
21898
21900
21902
21904
21906
21908
21910
21912
21914
21916
21918
21920
21922
21924
21926
21928
21930
21932
21934
21936
21938
21940
21942
21944
21946
21948
21950
21952
21954
21956
21958
21960
21962
21964
21966
21968
21970
21972
21974
21976
21978
21980
21982
21984
21986
21988
21990
21992
21994
21996
21998
22000
22002
22004
22006
22008
22010
22012
22014
22016
22018
22020
22022
22024
22026
22028
22030
22032
22034
22036
22038
22040
22042
22044
22046
22048
22050
22052
22054
22056
22058
22060
22062
22064
22066
22068
22070
22072
22074
22076
22078
22080
22082
22084
22086
22088
22090
22092
22094
22096
22098
22100
22102
22104
22106
22108
22110
22112
22114
22116
22118
22120
22122
22124
22126
22128
22130
22132
22134
22136
22138
22140
22142
22144
22146
22148
22150
22152
22154
22156
22158
22160
22162
22164
22166
22168
22170
22172
22174
22176
22178
22180
22182
22184
22186
22188
22190
22192
22194
22196
22198
22200
22202
22204
22206
22208
22210
22212
22214
22216
22218
22220
22222
22224
22226
22228
22230
22232
22234
22236
22238
22240
22242
22244
22246
22248
22250
22252
22254
22256
22258
22260
22262
22264
22266
22268
22270
22272
22274
22276
22278
22280
22282
22284
22286
22288
22290
22292
22294
22296
22298
22300
22302
22304
22306
22308
22310
22312
22314
22316
22318
22320
22322
22324
22326
22328
22330
22332
22334
22336
22338
22340
22342
22344
22346
22348
22350
22352
22354
22356
22358
22360
22362
22364
22366
22368
22370
22372
22374
22376
22378
22380
22382
22384
22386
22388
22390
22392
22394
22396
22398
22400
22402
22404
22406
22408
22410
22412
22414
22416
22418
22420
22422
22424
22426
22428
22430
22432
22434
22436
22438
22440
22442
22444
22446
22448
22450
22452
22454
22456
22458
22460
22462
22464
22466
22468
22470
22472
22474
22476
22478
22480
22482
22484
22486
22488
22490
22492
22494
22496
22498
22500
22502
22504
22506
22508
22510
22512
22514
22516
22518
22520
22522
22524
22526
22528
22530
22532
22534
22536
22538
22540
22542
22544
22546
22548
22550
22552
22554
22556
22558
22560
22562
22564
22566
22568
22570
22572
22574
22576
22578
22580
22582
22584
22586
22588
22590
22592
22594
22596
22598
22600
22602
22604
22606
22608
22610
22612
22614
22616
22618
22620
22622
22624
22626
22628
22630
22632
22634
22636
22638
22640
22642
22644
22646
22648
22650
22652
22654
22656
22658
22660
22662
22664
22666
22668
22670
22672
22674
22676
22678
22680
22682
22684
22686
22688
22690
22692
22694
22696
22698
22700
22702
22704
22706
22708
22710
22712
22714
22716
22718
22720
22722
22724
22726
22728
22730
22732
22734
22736
22738
22740
22742
22744
22746
22748
22750
22752
22754
22756
22758
22760
22762
22764
22766
22768
22770
22772
22774
22776
22778
22780
22782
22784
22786
22788
22790
22792
22794
22796
22798
22800
22802
22804
22806
22808
22810
22812
22814
22816
22818
22820
22822
22824
22826
22828
22830
22832
22834
22836
22838
22840
22842
22844
22846
22848
22850
22852
22854
22856
22858
22860
22862
22864
22866
22868
22870
22872
22874
22876
22878
22880
22882
22884
22886
22888
22890
22892
22894
22896
22898
22900
22902
22904
22906
22908
22910
22912
22914
22916
22918
22920
22922
22924
22926
22928
22930
22932
22934
22936
22938
22940
22942
22944
22946
22948
22950
22952
22954
22956
22958
22960
22962
22964
22966
22968
22970
22972
22974
22976
22978
22980
22982
22984
22986
22988
22990
22992
22994
22996
22998
23000
23002
23004
23006
23008
23010
23012
23014
23016
23018
23020
23022
23024
23026
23028
23030
23032
23034
23036
23038
23040
23042
23044
23046
23048
23050
23052
23054
23056
23058
23060
23062
23064
23066
23068
23070
23072
23074
23076
23078
23080
23082
23084
23086
23088
23090
23092
23094
23096
23098
23100
23102
23104
23106
23108
23110
23112
23114
23116
23118
23120
23122
23124
23126
23128
23130
23132
23134
23136
23138
23140
23142
23144
23146
23148
23150
23152
23154
23156
23158
23160
23162
23164
23166
23168
23170
23172
23174
23176
23178
23180
23182
23184
23186
23188
23190
23192
23194
