c 15783 vertices
c 24663 edges
c 24663 edges after de-duplication
c COMPONENT 507
c incumbent from local search 139
c incumbent from local search 140
c incumbent from local search 141
c incumbent from local search 142
c incumbent from local search 144
c incumbent from local search 145
c incumbent from local search 147
c incumbent from local search 148
c incumbent from local search 149
c incumbent from local search 150
c incumbent from local search 151
c incumbent from local search 152
c incumbent from local search 153
c incumbent from local search 154
c incumbent from local search 155
c incumbent from local search 157
c incumbent from local search 158
c incumbent from local search 159
c incumbent from local search 160
c incumbent from local search 161
c incumbent from local search 162
c incumbent from local search 163
c incumbent from local search 164
c incumbent from local search 165
c incumbent from local search 166
c incumbent from local search 167
c incumbent from local search 168
c incumbent from local search 169
s vc 15783 9755
2
4
8
12
14
17
20
23
25
29
33
35
37
42
44
46
50
52
56
60
62
65
68
71
74
77
80
83
87
90
93
94
97
102
105
106
110
114
117
119
122
125
129
131
133
137
139
143
145
150
152
154
158
160
165
168
169
172
177
178
181
185
189
192
193
198
201
204
205
208
212
214
217
222
223
227
231
232
235
239
242
245
248
252
253
258
261
262
267
268
273
276
277
281
285
288
290
292
297
299
303
304
308
311
313
317
321
324
327
330
333
335
337
340
345
346
350
354
355
358
363
365
369
371
374
377
381
382
385
390
391
394
398
400
403
408
409
412
417
420
422
424
429
431
435
437
441
443
447
450
453
454
458
460
464
467
469
473
477
480
481
485
487
490
494
496
500
504
506
508
512
514
519
521
523
528
531
534
537
540
543
546
549
552
555
558
561
564
567
570
573
576
579
582
585
588
591
594
597
600
603
606
609
612
615
618
621
624
627
630
633
636
639
642
645
648
651
654
657
660
663
666
669
672
675
678
681
684
687
690
693
696
699
702
705
708
711
714
717
720
723
726
729
732
735
738
741
744
747
750
753
756
759
762
765
768
771
774
777
780
783
786
789
792
795
798
801
804
807
810
813
816
819
822
825
828
831
834
837
840
843
846
849
852
855
858
861
864
867
870
873
876
879
882
885
888
891
894
897
900
903
906
909
912
915
918
921
924
927
930
933
936
939
942
945
948
951
954
957
960
963
966
969
972
975
978
981
984
987
990
993
996
999
1002
1005
1008
1011
1014
1017
1020
1023
1026
1029
1032
1035
1038
1041
1044
1047
1050
1051
1052
1053
1054
1055
1056
1057
1058
1059
1060
1061
1062
1063
1064
1065
1066
1067
1068
1069
1070
1071
1072
1073
1074
1075
1076
1077
1078
1079
1080
1081
1082
1083
1084
1085
1086
1087
1088
1089
1090
1091
1092
1093
1094
1095
1096
1097
1098
1099
1100
1101
1102
1103
1104
1105
1106
1107
1108
1109
1110
1111
1112
1113
1114
1115
1116
1117
1118
1119
1120
1121
1122
1123
1124
1125
1126
1127
1128
1129
1130
1131
1132
1133
1134
1135
1136
1137
1138
1139
1140
1141
1142
1143
1144
1145
1146
1147
1148
1149
1150
1151
1152
1153
1154
1155
1156
1157
1158
1159
1160
1161
1162
1163
1164
1165
1166
1167
1168
1169
1170
1171
1172
1173
1174
1175
1176
1177
1178
1179
1180
1181
1182
1183
1184
1185
1186
1187
1188
1189
1190
1191
1192
1193
1194
1195
1196
1197
1198
1199
1200
1201
1202
1203
1204
1205
1206
1207
1208
1209
1210
1211
1212
1213
1214
1215
1216
1217
1218
1219
1220
1221
1222
1223
1224
1225
1226
1227
1228
1229
1230
1231
1232
1233
1234
1235
1236
1237
1238
1239
1240
1241
1242
1243
1244
1245
1246
1247
1248
1249
1250
1251
1252
1253
1254
1255
1256
1257
1258
1259
1260
1261
1262
1263
1264
1265
1266
1267
1268
1269
1270
1271
1272
1273
1274
1275
1276
1277
1278
1279
1280
1281
1282
1283
1284
1285
1286
1287
1288
1289
1290
1291
1292
1293
1294
1295
1296
1297
1298
1299
1300
1301
1302
1303
1304
1305
1306
1307
1308
1309
1310
1311
1312
1313
1314
1315
1316
1317
1318
1319
1320
1321
1322
1323
1324
1325
1326
1327
1328
1329
1330
1331
1332
1333
1334
1335
1336
1337
1338
1339
1340
1341
1342
1343
1344
1345
1346
1347
1348
1349
1350
1351
1352
1353
1354
1355
1356
1357
1358
1359
1360
1361
1362
1363
1364
1365
1366
1367
1368
1369
1370
1371
1372
1373
1374
1375
1376
1377
1378
1379
1380
1381
1382
1383
1384
1385
1386
1387
1388
1389
1390
1391
1392
1393
1394
1395
1396
1397
1398
1399
1400
1401
1402
1403
1404
1405
1406
1407
1408
1409
1410
1411
1412
1413
1414
1415
1416
1417
1418
1419
1420
1421
1422
1423
1424
1425
1426
1427
1428
1429
1430
1431
1432
1433
1434
1435
1436
1437
1438
1439
1440
1441
1442
1443
1444
1445
1446
1447
1448
1449
1450
1451
1452
1453
1454
1455
1456
1457
1458
1459
1460
1461
1462
1463
1464
1465
1466
1467
1468
1469
1470
1471
1472
1473
1474
1475
1476
1477
1478
1479
1480
1481
1482
1483
1484
1485
1486
1487
1488
1489
1490
1491
1492
1493
1494
1495
1496
1497
1498
1499
1500
1501
1502
1503
1504
1505
1506
1507
1508
1509
1510
1511
1512
1513
1514
1515
1516
1517
1518
1519
1520
1521
1522
1523
1524
1525
1526
1527
1528
1529
1530
1531
1532
1533
1534
1535
1536
1537
1538
1539
1540
1541
1542
1543
1544
1545
1546
1547
1548
1549
1550
1551
1552
1553
1554
1555
1556
1557
1558
1559
1560
1561
1562
1563
1564
1565
1566
1567
1568
1569
1570
1571
1572
1573
1574
1575
1576
1577
1578
1579
1580
1581
1582
1583
1584
1585
1586
1587
1588
1589
1590
1591
1592
1593
1594
1595
1596
1597
1598
1599
1600
1601
1602
1603
1604
1605
1606
1607
1608
1609
1610
1611
1612
1613
1614
1615
1616
1617
1618
1619
1620
1621
1622
1623
1624
1625
1626
1627
1628
1629
1630
1631
1632
1633
1634
1635
1636
1637
1638
1639
1640
1641
1642
1643
1644
1645
1646
1647
1648
1649
1650
1651
1652
1653
1654
1655
1656
1657
1658
1659
1660
1661
1662
1663
1664
1665
1666
1667
1668
1669
1670
1671
1672
1673
1674
1675
1676
1677
1678
1679
1680
1681
1682
1683
1684
1685
1686
1687
1688
1689
1690
1691
1692
1693
1694
1695
1696
1697
1698
1699
1700
1701
1702
1703
1704
1705
1706
1707
1708
1709
1710
1711
1712
1713
1714
1715
1716
1717
1718
1719
1720
1721
1722
1723
1724
1725
1726
1727
1728
1729
1730
1731
1732
1733
1734
1735
1736
1737
1738
1739
1740
1741
1742
1743
1744
1745
1746
1747
1748
1749
1750
1751
1752
1753
1754
1755
1756
1757
1758
1759
1760
1761
1762
1763
1764
1765
1766
1767
1768
1769
1770
1771
1772
1773
1774
1775
1776
1777
1778
1779
1780
1781
1782
1783
1784
1785
1786
1787
1788
1789
1790
1791
1792
1793
1794
1795
1796
1797
1798
1799
1800
1801
1802
1803
1804
1805
1806
1807
1808
1809
1810
1811
1812
1813
1814
1815
1816
1817
1818
1819
1820
1821
1822
1823
1824
1825
1826
1827
1828
1829
1830
1831
1832
1833
1834
1835
1836
1837
1838
1839
1840
1841
1842
1843
1844
1845
1846
1847
1848
1849
1850
1851
1852
1853
1854
1855
1856
1857
1858
1859
1860
1861
1862
1863
1864
1865
1866
1867
1868
1869
1870
1871
1872
1873
1874
1875
1876
1877
1878
1879
1880
1881
1882
1883
1884
1885
1886
1887
1888
1889
1890
1891
1892
1893
1894
1895
1896
1897
1898
1899
1900
1901
1902
1903
1904
1905
1906
1907
1908
1909
1910
1911
1912
1913
1914
1915
1916
1917
1918
1919
1920
1921
1922
1923
1924
1925
1926
1927
1928
1929
1930
1931
1932
1933
1934
1935
1936
1937
1938
1939
1940
1941
1942
1943
1944
1945
1946
1947
1948
1949
1950
1951
1952
1953
1954
1955
1956
1957
1958
1959
1960
1961
1962
1963
1964
1965
1966
1967
1968
1969
1970
1971
1972
1973
1974
1975
1976
1977
1978
1979
1980
1981
1982
1983
1984
1985
1986
1987
1988
1989
1990
1991
1992
1993
1994
1995
1996
1997
1998
1999
2000
2001
2002
2003
2004
2005
2006
2007
2008
2009
2010
2011
2012
2013
2014
2015
2016
2017
2018
2019
2020
2021
2022
2023
2024
2025
2026
2027
2028
2029
2030
2031
2032
2033
2034
2035
2036
2037
2038
2039
2040
2041
2042
2043
2044
2045
2046
2047
2048
2049
2050
2051
2052
2053
2054
2055
2056
2057
2058
2059
2060
2061
2062
2063
2064
2065
2066
2067
2068
2069
2070
2071
2072
2073
2074
2075
2076
2077
2078
2079
2080
2081
2082
2083
2084
2085
2086
2087
2088
2089
2090
2091
2092
2093
2094
2095
2096
2097
2098
2099
2100
2101
2102
2103
2104
2105
2106
2107
2108
2109
2110
2111
2112
2113
2114
2115
2116
2117
2118
2119
2120
2121
2122
2123
2124
2125
2126
2127
2128
2129
2130
2131
2132
2133
2134
2135
2136
2137
2138
2139
2140
2141
2142
2143
2144
2145
2146
2147
2148
2149
2150
2151
2152
2153
2154
2155
2156
2157
2158
2159
2160
2161
2162
2163
2164
2165
2166
2167
2168
2169
2170
2171
2172
2173
2174
2175
2176
2177
2178
2179
2180
2181
2182
2183
2184
2185
2186
2187
2188
2189
2190
2191
2192
2193
2194
2195
2196
2197
2198
2199
2200
2201
2202
2203
2204
2205
2206
2207
2208
2209
2210
2211
2212
2213
2214
2215
2216
2217
2218
2219
2220
2221
2222
2223
2224
2225
2226
2227
2228
2229
2230
2231
2232
2233
2234
2235
2236
2237
2238
2239
2240
2241
2242
2243
2244
2245
2246
2247
2248
2249
2250
2251
2252
2253
2254
2255
2256
2257
2258
2259
2260
2261
2262
2263
2264
2265
2266
2267
2268
2269
2270
2271
2272
2273
2274
2275
2276
2277
2278
2279
2280
2281
2282
2283
2284
2285
2286
2287
2288
2289
2290
2291
2292
2293
2294
2295
2296
2297
2298
2299
2300
2301
2303
2304
2306
2307
2308
2310
2312
2313
2314
2316
2317
2318
2320
2322
2323
2325
2326
2328
2329
2331
2332
2334
2336
2337
2338
2339
2342
2343
2345
2346
2348
2349
2350
2352
2354
2355
2356
2358
2359
2360
2362
2364
2366
2367
2368
2370
2372
2373
2375
2376
2378
2379
2380
2381
2383
2384
2387
2388
2390
2391
2392
2394
2396
2397
2398
2400
2401
2402
2404
2406
2408
2409
2411
2412
2413
2415
2417
2418
2419
2421
2422
2423
2425
2427
2429
2430
2432
2433
2434
2436
2438
2439
2440
2442
2443
2444
2446
2448
2450
2451
2453
2454
2455
2457
2459
2460
2461
2463
2464
2465
2467
2469
2470
2472
2473
2475
2476
2478
2479
2481
2483
2484
2485
2486
2489
2490
2492
2493
2495
2496
2497
2499
2501
2502
2503
2505
2506
2507
2509
2511
2513
2514
2515
2517
2519
2520
2522
2523
2525
2526
2527
2528
2530
2531
2534
2535
2537
2538
2539
2541
2543
2544
2545
2547
2548
2549
2551
2553
2554
2556
2557
2559
2560
2562
2563
2565
2567
2568
2569
2570
2573
2574
2576
2577
2578
2580
2582
2583
2585
2586
2588
2589
2590
2591
2593
2594
2597
2598
2600
2601
2602
2604
2606
2607
2608
2610
2611
2612
2614
2616
2617
2619
2620
2622
2623
2625
2626
2628
2630
2631
2632
2633
2636
2637
2639
2640
2642
2643
2644
2646
2648
2649
2650
2652
2653
2654
2656
2658
2659
2661
2662
2664
2665
2667
2668
2670
2672
2673
2674
2675
2678
2679
2681
2682
2684
2685
2686
2688
2690
2691
2692
2694
2695
2696
2698
2700
2702
2703
2704
2706
2708
2709
2711
2712
2714
2715
2716
2717
2719
2720
2723
2724
2726
2727
2728
2730
2732
2733
2734
2736
2737
2738
2740
2742
2744
2745
2747
2748
2749
2751
2753
2754
2755
2757
2758
2759
2761
2763
2765
2766
2768
2769
2770
2772
2774
2775
2776
2778
2779
2780
2782
2784
2786
2787
2789
2790
2791
2793
2795
2796
2797
2799
2800
2801
2803
2805
2807
2808
2810
2811
2812
2814
2816
2817
2818
2820
2821
2822
2824
2826
2828
2829
2831
2832
2833
2835
2837
2838
2839
2841
2842
2843
2845
2847
2849
2850
2852
2853
2854
2856
2858
2859
2860
2862
2863
2864
2866
2868
2870
2871
2873
2874
2875
2877
2879
2880
2881
2883
2884
2885
2887
2889
2891
2892
2893
2895
2897
2898
2900
2901
2903
2904
2905
2906
2908
2909
2912
2913
2914
2916
2918
2919
2921
2922
2924
2925
2926
2927
2929
2930
2933
2934
2935
2937
2939
2940
2942
2943
2945
2946
2947
2948
2950
2951
2953
2955
2956
2958
2959
2961
2962
2964
2966
2967
2968
2969
2972
2973
2974
2976
2977
2979
2980
2982
2983
2985
2987
2988
2989
2990
2993
2994
2996
2997
2998
3000
3002
3003
3005
3006
3008
3009
3010
3011
3013
3014
3017
3018
3019
3021
3023
3024
3026
3027
3029
3030
3031
3032
3034
3035
3037
3039
3040
3042
3043
3045
3046
3048
3050
3051
3052
3053
3056
3057
3059
3060
3062
3063
3064
3066
3068
3069
3070
3072
3073
3074
3076
3078
3080
3081
3082
3084
3086
3087
3089
3090
3092
3093
3094
3095
3097
3098
3101
3102
3103
3105
3107
3108
3110
3111
3113
3114
3115
3116
3118
3119
3122
3123
3125
3126
3127
3129
3131
3132
3133
3135
3136
3137
3139
3141
3143
3144
3146
3147
3148
3150
3152
3153
3154
3156
3157
3158
3160
3162
3164
3165
3167
3168
3169
3171
3173
3174
3175
3177
3178
3179
3181
3183
3185
3186
3187
3189
3191
3192
3194
3195
3197
3198
3199
3200
3202
3203
3206
3207
3209
3210
3211
3213
3215
3216
3217
3219
3220
3221
3223
3225
3226
3228
3229
3231
3232
3234
3235
3237
3239
3240
3241
3242
3245
3246
3248
3249
3251
3252
3253
3255
3257
3258
3259
3261
3262
3263
3265
3267
3268
3270
3271
3273
3274
3276
3277
3279
3281
3282
3283
3284
3287
3288
3290
3291
3293
3294
3295
3297
3299
3300
3301
3303
3304
3305
3307
3309
3310
3312
3313
3315
3316
3318
3319
3321
3323
3324
3325
3326
3329
3330
3332
3333
3334
3336
3338
3339
3341
3342
3344
3345
3346
3347
3349
3350
3353
3354
3356
3357
3358
3360
3362
3363
3364
3366
3367
3368
3370
3372
3373
3375
3376
3378
3379
3381
3382
3384
3386
3387
3388
3389
3392
3393
3395
3396
3398
3399
3400
3402
3404
3405
3406
3408
3409
3410
3412
3414
3415
3417
3418
3420
3421
3423
3424
3426
3428
3429
3430
3431
3434
3435
3437
3438
3439
3441
3443
3444
3446
3447
3449
3450
3451
3452
3454
3455
3458
3459
3460
3462
3464
3465
3467
3468
3470
3471
3472
3473
3475
3476
3478
3480
3481
3483
3484
3486
3487
3489
3491
3492
3493
3494
3497
3498
3499
3501
3502
3504
3505
3507
3508
3510
3512
3513
3514
3515
3518
3519
3521
3522
3523
3525
3527
3528
3530
3531
3533
3534
3535
3536
3538
3539
3541
3543
3544
3546
3547
3549
3550
3552
3554
3555
3556
3557
3560
3561
3562
3564
3565
3567
3568
3570
3571
3573
3575
3576
3577
3578
3581
3582
3584
3585
3587
3588
3589
3591
3593
3594
3595
3597
3598
3599
3601
3603
3605
3606
3607
3609
3611
3612
3614
3615
3617
3618
3619
3620
3622
3623
3626
3627
3628
3630
3632
3633
3635
3636
3638
3639
3640
3641
3643
3644
3646
3648
3649
3651
3652
3654
3655
3657
3659
3660
3661
3662
3665
3666
3668
3669
3670
3672
3674
3675
3677
3678
3680
3681
3682
3683
3685
3686
3689
3690
3691
3693
3695
3696
3698
3699
3701
3702
3703
3704
3706
3707
3710
3711
3712
3714
3716
3717
3719
3720
3722
3723
3724
3725
3727
3728
3730
3732
3733
3735
3736
3738
3739
3741
3743
3744
3745
3746
3749
3750
3751
3753
3754
3756
3757
3759
3760
3762
3764
3765
3766
3767
3770
3771
3773
3774
3776
3777
3778
3780
3782
3783
3784
3786
3787
3788
3790
3792
3793
3795
3796
3798
3799
3801
3802
3804
3806
3807
3808
3809
3812
3813
3814
3816
3817
3819
3820
3822
3823
3825
3827
3828
3829
3830
3833
3834
3836
3837
3838
3840
3842
3843
3845
3846
3848
3849
3850
3851
3853
3854
3856
3858
3859
3861
3862
3864
3865
3867
3869
3870
3871
3872
3875
3876
3878
3879
3881
3882
3883
3885
3887
3888
3889
3891
3892
3893
3895
3897
3899
3900
3901
3903
3905
3906
3908
3909
3911
3912
3913
3914
3916
3917
3919
3921
3922
3924
3925
3927
3928
3930
3932
3933
3934
3935
3938
3939
3940
3942
3943
3945
3946
3948
3949
3951
3953
3954
3955
3956
3959
3960
3962
3963
3965
3966
3967
3969
3971
3972
3973
3975
3976
3977
3979
3981
3983
3984
3986
3987
3988
3990
3992
3993
3994
3996
3997
3998
4000
4002
4004
4005
4007
4008
4009
4011
4013
4014
4015
4017
4018
4019
4021
4023
4025
4026
4028
4029
4030
4032
4034
4035
4036
4038
4039
4040
4042
4044
4046
4047
4048
4050
4052
4053
4055
4056
4058
4059
4060
4061
4063
4064
4066
4068
4069
4071
4072
4074
4075
4077
4079
4080
4081
4082
4085
4086
4088
4089
4090
4092
4094
4095
4097
4098
4100
4101
4102
4103
4105
4106
4109
4110
4111
4113
4115
4116
4118
4119
4121
4122
4123
4124
4126
4127
4129
4131
4132
4134
4135
4137
4138
4140
4142
4143
4144
4145
4148
4149
4151
4152
4153
4155
4157
4158
4160
4161
4163
4164
4165
4166
4168
4169
4171
4173
4174
4176
4177
4179
4180
4182
4184
4185
4186
4187
4190
4191
4193
4194
4195
4197
4199
4200
4202
4203
4205
4206
4207
4208
4210
4211
4214
4215
4216
4218
4220
4221
4223
4224
4226
4227
4228
4229
4231
4232
4234
4236
4237
4239
4240
4242
4243
4245
4247
4248
4249
4250
4253
4254
4256
4257
4259
4260
4261
4263
4265
4266
4267
4269
4270
4271
4273
4275
4277
4278
4279
4281
4283
4284
4286
4287
4289
4290
4291
4292
4294
4295
4298
4299
4300
4302
4304
4305
4307
4308
4310
4311
4312
4313
4315
4316
4319
4320
4322
4323
4324
4326
4328
4329
4330
4332
4333
4334
4336
4338
4339
4341
4342
4344
4345
4347
4348
4350
4352
4353
4354
4355
4358
4359
4361
4362
4363
4365
4367
4368
4370
4371
4373
4374
4375
4376
4378
4379
4382
4383
4385
4386
4387
4389
4391
4392
4393
4395
4396
4397
4399
4401
4403
4404
4405
4407
4409
4410
4412
4413
4415
4416
4417
4418
4420
4421
4423
4425
4426
4428
4429
4431
4432
4434
4436
4437
4438
4439
4442
4443
4445
4446
4448
4449
4450
4452
4454
4455
4456
4458
4459
4460
4462
4464
4466
4467
4469
4470
4471
4473
4475
4476
4477
4479
4480
4481
4483
4485
4486
4488
4489
4491
4492
4494
4495
4497
4499
4500
4501
4502
4505
4506
4508
4509
4511
4512
4513
4515
4517
4518
4519
4521
4522
4523
4525
4527
4529
4530
4531
4533
4535
4536
4538
4539
4541
4542
4543
4544
4546
4547
4550
4551
4552
4554
4556
4557
4559
4560
4562
4563
4564
4565
4567
4568
4571
4572
4573
4575
4577
4578
4580
4581
4583
4584
4585
4586
4588
4589
4592
4593
4594
4596
4598
4599
4601
4602
4604
4605
4606
4607
4609
4610
4613
4614
4615
4617
4619
4620
4622
4623
4625
4626
4627
4628
4630
4631
4634
4635
4637
4638
4639
4641
4643
4644
4645
4647
4648
4649
4651
4653
4654
4656
4657
4659
4660
4662
4663
4665
4667
4668
4669
4670
4673
4674
4675
4677
4678
4680
4681
4683
4684
4686
4688
4689
4690
4691
4694
4695
4697
4698
4699
4701
4703
4704
4706
4707
4709
4710
4711
4712
4714
4715
4717
4719
4720
4722
4723
4725
4726
4728
4730
4731
4732
4733
4736
4737
4739
4740
4742
4743
4744
4746
4748
4749
4750
4752
4753
4754
4756
4758
4760
4761
4762
4764
4766
4767
4769
4770
4772
4773
4774
4775
4777
4778
4780
4782
4783
4785
4786
4788
4789
4791
4793
4794
4795
4796
4799
4800
4801
4803
4804
4806
4807
4809
4810
4812
4814
4815
4816
4817
4820
4821
4823
4824
4825
4827
4829
4830
4832
4833
4835
4836
4837
4838
4840
4841
4844
4845
4847
4848
4849
4851
4853
4854
4855
4857
4858
4859
4861
4863
4865
4866
4867
4869
4871
4872
4874
4875
4877
4878
4879
4880
4882
4883
4886
4887
4889
4890
4891
4893
4895
4896
4897
4899
4900
4901
4903
4905
4907
4908
4910
4911
4912
4914
4916
4917
4918
4920
4921
4922
4924
4926
4928
4929
4931
4932
4933
4935
4937
4938
4939
4941
4942
4943
4945
4947
4949
4950
4951
4953
4955
4956
4958
4959
4961
4962
4963
4964
4966
4967
4969
4971
4972
4974
4975
4977
4978
4980
4982
4983
4984
4985
4988
4989
4990
4992
4993
4995
4996
4998
4999
5001
5003
5004
5005
5006
5009
5010
5012
5013
5014
5016
5018
5019
5021
5022
5024
5025
5026
5027
5029
5030
5032
5034
5035
5037
5038
5040
5041
5043
5045
5046
5047
5048
5051
5052
5053
5055
5056
5058
5059
5061
5062
5064
5066
5067
5068
5069
5072
5073
5075
5076
5078
5079
5080
5082
5084
5085
5086
5088
5089
5090
5092
5094
5095
5097
5098
5100
5101
5103
5104
5106
5108
5109
5110
5111
5114
5115
5116
5118
5119
5121
5122
5124
5125
5127
5129
5130
5131
5132
5135
5136
5138
5139
5140
5142
5144
5145
5147
5148
5150
5151
5152
5153
5155
5156
5158
5160
5161
5163
5164
5166
5167
5169
5171
5172
5173
5174
5177
5178
5179
5181
5182
5184
5185
5187
5188
5190
5192
5193
5194
5195
5198
5199
5201
5202
5203
5205
5207
5208
5210
5211
5213
5214
5215
5216
5218
5219
5222
5223
5224
5226
5228
5229
5231
5232
5234
5235
5236
5237
5239
5240
5243
5244
5246
5247
5248
5250
5252
5253
5254
5256
5257
5258
5260
5262
5263
5265
5266
5268
5269
5271
5272
5274
5276
5277
5278
5279
5282
5283
5285
5286
5287
5289
5291
5292
5294
5295
5297
5298
5299
5300
5302
5303
5306
5307
5309
5310
5311
5313
5315
5316
5317
5319
5320
5321
5323
5325
5327
5328
5329
5331
5333
5334
5336
5337
5339
5340
5341
5342
5344
5345
5348
5349
5351
5352
5353
5355
5357
5358
5359
5361
5362
5363
5365
5367
5369
5370
5371
5373
5375
5376
5378
5379
5381
5382
5383
5384
5386
5387
5390
5391
5393
5394
5395
5397
5399
5400
5401
5403
5404
5405
5407
5409
5411
5412
5413
5415
5417
5418
5420
5421
5423
5424
5425
5426
5428
5429
5432
5433
5434
5436
5438
5439
5441
5442
5444
5445
5446
5447
5449
5450
5453
5454
5455
5457
5459
5460
5462
5463
5465
5466
5467
5468
5470
5471
5473
5475
5476
5478
5479
5481
5482
5484
5486
5487
5488
5489
5492
5493
5495
5496
5498
5499
5500
5502
5504
5505
5506
5508
5509
5510
5512
5514
5515
5517
5518
5520
5521
5523
5524
5526
5528
5529
5530
5531
5534
5535
5537
5538
5540
5541
5542
5544
5546
5547
5548
5550
5551
5552
5554
5556
5558
5559
5561
5562
5563
5565
5567
5568
5569
5571
5572
5573
5575
5577
5578
5580
5581
5583
5584
5586
5587
5589
5591
5592
5593
5594
5597
5598
5600
5601
5603
5604
5605
5607
5609
5610
5611
5613
5614
5615
5617
5619
5621
5622
5623
5625
5627
5628
5630
5631
5633
5634
5635
5636
5638
5639
5642
5643
5644
5646
5648
5649
5651
5652
5654
5655
5656
5657
5659
5660
5662
5664
5665
5667
5668
5670
5671
5673
5675
5676
5677
5678
5681
5682
5684
5685
5687
5688
5689
5691
5693
5694
5695
5697
5698
5699
5701
5703
5704
5706
5707
5709
5710
5712
5713
5715
5717
5718
5719
5720
5723
5724
5725
5727
5728
5730
5731
5733
5734
5736
5738
5739
5740
5741
5744
5745
5747
5748
5750
5751
5752
5754
5756
5757
5758
5760
5761
5762
5764
5766
5767
5769
5770
5772
5773
5775
5776
5778
5780
5781
5782
5783
5786
5787
5789
5790
5792
5793
5794
5796
5798
5799
5800
5802
5803
5804
5806
5808
5810
5811
5812
5814
5816
5817
5819
5820
5822
5823
5824
5825
5827
5828
5831
5832
5834
5835
5836
5838
5840
5841
5842
5844
5845
5846
5848
5850
5851
5853
5854
5856
5857
5859
5860
5862
5864
5865
5866
5867
5870
5871
5873
5874
5876
5877
5878
5880
5882
5883
5884
5886
5887
5888
5890
5892
5893
5895
5896
5898
5899
5901
5902
5904
5906
5907
5908
5909
5912
5913
5915
5916
5917
5919
5921
5922
5924
5925
5927
5928
5929
5930
5932
5933
5936
5937
5939
5940
5941
5943
5945
5946
5947
5949
5950
5951
5953
5955
5956
5958
5959
5961
5962
5964
5965
5967
5969
5970
5971
5972
5975
5976
5978
5979
5980
5981
5984
5985
5986
5987
5989
5991
5992
5993
5995
5997
5998
5999
6002
6003
6004
6005
6008
6009
6010
6011
6014
6015
6016
6017
6020
6021
6022
6023
6025
6027
6028
6029
6031
6033
6034
6035
6038
6039
6040
6041
6044
6045
6046
6047
6050
6051
6052
6053
6056
6057
6058
6059
6061
6063
6064
6065
6068
6069
6070
6071
6073
6075
6076
6077
6080
6081
6082
6083
6086
6087
6088
6089
6092
6093
6094
6095
6097
6099
6100
6101
6104
6105
6106
6107
6110
6111
6112
6113
6115
6117
6118
6119
6121
6123
6124
6125
6128
6129
6130
6131
6134
6135
6136
6137
6139
6141
6142
6143
6146
6147
6148
6149
6152
6153
6154
6155
6157
6159
6160
6161
6164
6165
6166
6167
6170
6171
6172
6173
6176
6177
6178
6179
6182
6183
6184
6185
6187
6189
6190
6191
6194
6195
6196
6197
6200
6201
6202
6203
6205
6207
6208
6209
6212
6213
6214
6215
6217
6219
6220
6221
6224
6225
6226
6227
6229
6231
6232
6233
6236
6237
6238
6239
6242
6243
6244
6245
6247
6249
6250
6251
6254
6255
6256
6257
6260
6261
6262
6263
6265
6267
6268
6269
6272
6273
6274
6275
6278
6279
6280
6281
6283
6285
6286
6287
6290
6291
6292
6293
6296
6297
6298
6299
6302
6303
6304
6305
6308
6309
6310
6311
6313
6315
6316
6317
6319
6321
6322
6323
6326
6327
6328
6329
6332
6333
6334
6335
6338
6339
6340
6341
6344
6345
6346
6347
6349
6351
6352
6353
6355
6357
6358
6359
6362
6363
6364
6365
6368
6369
6370
6371
6373
6375
6376
6377
6380
6381
6382
6383
6386
6387
6388
6389
6392
6393
6394
6395
6398
6399
6400
6401
6403
6405
6406
6407
6410
6411
6412
6413
6416
6417
6418
6419
6421
6423
6424
6425
6427
6429
6430
6431
6434
6435
6436
6437
6440
6441
6442
6443
6446
6447
6448
6449
6452
6453
6454
6455
6457
6459
6460
6461
6464
6465
6466
6467
6470
6471
6472
6473
6475
6477
6478
6479
6481
6483
6484
6485
6488
6489
6490
6491
6494
6495
6496
6497
6500
6501
6502
6503
6505
6507
6508
6509
6512
6513
6514
6515
6518
6519
6520
6521
6524
6525
6526
6527
6529
6531
6532
6533
6536
6537
6538
6539
6541
6543
6544
6545
6548
6549
6550
6551
6554
6555
6556
6557
6560
6561
6562
6563
6565
6567
6568
6569
6572
6573
6574
6575
6578
6579
6580
6581
6583
6585
6586
6587
6590
6591
6592
6593
6595
6597
6598
6599
6602
6603
6604
6605
6608
6609
6610
6611
6614
6615
6616
6617
6619
6621
6622
6623
6625
6627
6628
6629
6632
6633
6634
6635
6638
6639
6640
6641
6644
6645
6646
6647
6650
6651
6652
6653
6655
6657
6658
6659
6662
6663
6664
6665
6668
6669
6670
6671
6673
6675
6676
6677
6679
6681
6682
6683
6686
6687
6688
6689
6692
6693
6694
6695
6697
6699
6700
6701
6704
6705
6706
6707
6710
6711
6712
6713
6716
6717
6718
6719
6721
6723
6724
6725
6728
6729
6730
6731
6733
6735
6736
6737
6740
6741
6742
6743
6746
6747
6748
6749
6751
6753
6754
6755
6758
6759
6760
6761
6764
6765
6766
6767
6769
6771
6772
6773
6776
6777
6778
6779
6782
6783
6784
6785
6788
6789
6790
6791
6794
6795
6796
6797
6799
6801
6802
6803
6806
6807
6808
6809
6812
6813
6814
6815
6817
6819
6820
6821
6824
6825
6826
6827
6829
6831
6832
6833
6836
6837
6838
6839
6842
6843
6844
6845
6847
6849
6850
6851
6854
6855
6856
6857
6859
6861
6862
6863
6866
6867
6868
6869
6872
6873
6874
6875
6877
6879
6880
6881
6884
6885
6886
6887
6890
6891
6892
6893
6895
6897
6898
6899
6902
6903
6904
6905
6908
6909
6910
6911
6913
6915
6916
6917
6920
6921
6922
6923
6926
6927
6928
6929
6931
6933
6934
6935
6938
6939
6940
6941
6944
6945
6946
6947
6950
6951
6952
6953
6955
6957
6958
6959
6962
6963
6964
6965
6968
6969
6970
6971
6974
6975
6976
6977
6979
6981
6982
6983
6986
6987
6988
6989
6992
6993
6994
6995
6997
6999
7000
7001
7003
7005
7006
7007
7010
7011
7012
7013
7016
7017
7018
7019
7021
7023
7024
7025
7028
7029
7030
7031
7034
7035
7036
7037
7039
7041
7042
7043
7046
7047
7048
7049
7052
7053
7054
7055
7058
7059
7060
7061
7063
7065
7066
7067
7070
7071
7072
7073
7076
7077
7078
7079
7081
7083
7084
7085
7088
7089
7090
7091
7094
7095
7096
7097
7100
7101
7102
7103
7105
7107
7108
7109
7112
7113
7114
7115
7118
7119
7120
7121
7123
7125
7126
7127
7130
7131
7132
7133
7136
7137
7138
7139
7141
7143
7144
7145
7147
7149
7150
7151
7154
7155
7156
7157
7160
7161
7162
7163
7166
7167
7168
7169
7172
7173
7174
7175
7177
7179
7180
7181
7184
7185
7186
7187
7190
7191
7192
7193
7195
7197
7198
7199
7202
7203
7204
7205
7208
7209
7210
7211
7213
7215
7216
7217
7220
7221
7222
7223
7226
7227
7228
7229
7231
7233
7234
7235
7238
7239
7240
7241
7244
7245
7246
7247
7249
7251
7252
7253
7256
7257
7258
7259
7261
7263
7264
7265
7268
7269
7270
7271
7274
7275
7276
7277
7279
7281
7282
7283
7286
7287
7288
7289
7292
7293
7294
7295
7297
7299
7300
7301
7304
7305
7306
7307
7310
7311
7312
7313
7316
7317
7318
7319
7321
7323
7324
7325
7328
7329
7330
7331
7334
7335
7336
7337
7339
7341
7342
7343
7346
7347
7348
7349
7352
7353
7354
7355
7357
7359
7360
7361
7364
7365
7366
7367
7370
7371
7372
7373
7375
7377
7378
7379
7381
7383
7384
7385
7388
7389
7390
7391
7394
7395
7396
7397
7399
7401
7402
7403
7406
7407
7408
7409
7412
7413
7414
7415
7417
7419
7420
7421
7424
7425
7426
7427
7430
7431
7432
7433
7436
7437
7438
7439
7441
7443
7444
7445
7448
7449
7450
7451
7453
7455
7456
7457
7460
7461
7462
7463
7466
7467
7468
7469
7471
7473
7474
7475
7478
7479
7480
7481
7484
7485
7486
7487
7490
7491
7492
7493
7495
7497
7498
7499
7502
7503
7504
7505
7507
7509
7510
7511
7514
7515
7516
7517
7520
7521
7522
7523
7526
7527
7528
7529
7531
7533
7534
7535
7538
7539
7540
7541
7544
7545
7546
7547
7550
7551
7552
7553
7555
7557
7558
7559
7561
7563
7564
7565
7568
7569
7570
7571
7574
7575
7576
7577
7579
7581
7582
7583
7586
7587
7588
7589
7592
7593
7594
7595
7598
7599
7600
7601
7604
7605
7606
7607
7609
7611
7612
7613
7616
7617
7618
7619
7622
7623
7624
7625
7627
7629
7630
7631
7633
7635
7636
7637
7640
7641
7642
7643
7646
7647
7648
7649
7652
7653
7654
7655
7658
7659
7660
7661
7663
7665
7666
7667
7670
7671
7672
7673
7676
7677
7678
7679
7681
7683
7684
7685
7687
7689
7690
7691
7694
7695
7696
7697
7700
7701
7702
7703
7705
7707
7708
7709
7712
7713
7714
7715
7718
7719
7720
7721
7723
7725
7726
7727
7730
7731
7732
7733
7736
7737
7738
7739
7742
7743
7744
7745
7748
7749
7750
7751
7753
7755
7756
7757
7759
7761
7762
7763
7766
7767
7768
7769
7772
7773
7774
7775
7778
7779
7780
7781
7784
7785
7786
7787
7789
7791
7792
7793
7795
7797
7798
7799
7802
7803
7804
7805
7808
7809
7810
7811
7814
7815
7816
7817
7820
7821
7822
7823
7825
7827
7828
7829
7831
7833
7834
7835
7838
7839
7840
7841
7844
7845
7846
7847
7850
7851
7852
7853
7856
7857
7858
7859
7861
7863
7864
7865
7867
7869
7870
7871
7874
7875
7876
7877
7880
7881
7882
7883
7886
7887
7888
7889
7892
7893
7894
7895
7897
7899
7900
7901
7904
7905
7906
7907
7910
7911
7912
7913
7915
7917
7918
7919
7922
7923
7924
7925
7928
7929
7930
7931
7933
7935
7936
7937
7939
7941
7942
7943
7946
7947
7948
7949
7952
7953
7954
7955
7958
7959
7960
7961
7964
7965
7966
7967
7969
7971
7972
7973
7975
7977
7978
7979
7982
7983
7984
7985
7988
7989
7990
7991
7994
7995
7996
7997
8000
8001
8002
8003
8005
8007
8008
8009
8012
8013
8014
8015
8018
8019
8020
8021
8023
8025
8026
8027
8029
8031
8032
8033
8036
8037
8038
8039
8042
8043
8044
8045
8047
8049
8050
8051
8054
8055
8056
8057
8060
8061
8062
8063
8065
8067
8068
8069
8072
8073
8074
8075
8078
8079
8080
8081
8083
8085
8086
8087
8090
8091
8092
8093
8096
8097
8098
8099
8102
8103
8104
8105
8108
8109
8110
8111
8113
8115
8116
8117
8120
8121
8122
8123
8126
8127
8128
8129
8131
8133
8134
8135
8138
8139
8140
8141
8144
8145
8146
8147
8149
8151
8152
8153
8156
8157
8158
8159
8162
8163
8164
8165
8167
8169
8170
8171
8173
8175
8176
8177
8180
8181
8182
8183
8186
8187
8188
8189
8191
8193
8194
8195
8198
8199
8200
8201
8204
8205
8206
8207
8210
8211
8212
8213
8216
8217
8218
8219
8221
8223
8224
8225
8228
8229
8230
8231
8234
8235
8236
8237
8239
8241
8242
8243
8245
8247
8248
8249
8252
8253
8254
8255
8258
8259
8260
8261
8263
8265
8266
8267
8270
8271
8272
8273
8276
8277
8278
8279
8281
8283
8284
8285
8288
8289
8290
8291
8294
8295
8296
8297
8300
8301
8302
8303
8306
8307
8308
8309
8311
8313
8314
8315
8317
8319
8320
8321
8324
8325
8326
8327
8330
8331
8332
8333
8335
8337
8338
8339
8342
8343
8344
8345
8348
8349
8350
8351
8354
8355
8356
8357
8360
8361
8362
8363
8365
8367
8368
8369
8371
8373
8374
8375
8378
8379
8380
8381
8384
8385
8386
8387
8390
8391
8392
8393
8395
8397
8398
8399
8402
8403
8404
8405
8407
8409
8410
8411
8414
8415
8416
8417
8420
8421
8422
8423
8426
8427
8428
8429
8431
8433
8434
8435
8438
8439
8440
8441
8443
8445
8446
8447
8450
8451
8452
8453
8456
8457
8458
8459
8461
8463
8464
8465
8468
8469
8470
8471
8474
8475
8476
8477
8479
8481
8482
8483
8486
8487
8488
8489
8492
8493
8494
8495
8498
8499
8500
8501
8503
8505
8506
8507
8510
8511
8512
8513
8515
8517
8518
8519
8522
8523
8524
8525
8528
8529
8530
8531
8533
8535
8536
8537
8540
8541
8542
8543
8546
8547
8548
8549
8552
8553
8554
8555
8557
8559
8560
8561
8564
8565
8566
8567
8570
8571
8572
8573
8575
8577
8578
8579
8582
8583
8584
8585
8588
8589
8590
8591
8593
8595
8596
8597
8600
8601
8602
8603
8606
8607
8608
8609
8612
8613
8614
8615
8617
8619
8620
8621
8624
8625
8626
8627
8630
8631
8632
8633
8635
8637
8638
8639
8642
8643
8644
8645
8648
8649
8650
8651
8653
8655
8656
8657
8660
8661
8662
8663
8665
8667
8668
8669
8672
8673
8674
8675
8678
8679
8680
8681
8683
8685
8686
8687
8690
8691
8692
8693
8696
8697
8698
8699
8702
8703
8704
8705
8707
8709
8710
8711
8714
8715
8716
8717
8720
8721
8722
8723
8725
8727
8728
8729
8732
8733
8734
8735
8737
8739
8740
8741
8744
8745
8746
8747
8749
8751
8752
8753
8756
8757
8758
8759
8762
8763
8764
8765
8767
8769
8770
8771
8774
8775
8776
8777
8780
8781
8782
8783
8785
8787
8788
8789
8792
8793
8794
8795
8798
8799
8800
8801
8803
8805
8806
8807
8810
8811
8812
8813
8816
8817
8818
8819
8822
8823
8824
8825
8827
8829
8830
8831
8834
8835
8836
8837
8839
8841
8842
8843
8846
8847
8848
8849
8852
8853
8854
8855
8857
8859
8860
8861
8864
8865
8866
8867
8870
8871
8872
8873
8876
8877
8878
8879
8881
8883
8884
8885
8888
8889
8890
8891
8894
8895
8896
8897
8900
8901
8902
8903
8905
8907
8908
8909
8912
8913
8914
8915
8917
8919
8920
8921
8924
8925
8926
8927
8930
8931
8932
8933
8935
8937
8938
8939
8942
8943
8944
8945
8948
8949
8950
8951
8954
8955
8956
8957
8959
8961
8962
8963
8966
8967
8968
8969
8972
8973
8974
8975
8977
8979
8980
8981
8983
8985
8986
8987
8990
8991
8992
8993
8996
8997
8998
8999
9001
9003
9004
9005
9008
9009
9010
9011
9014
9015
9016
9017
9019
9021
9022
9023
9026
9027
9028
9029
9032
9033
9034
9035
9038
9039
9040
9041
9043
9045
9046
9047
9050
9051
9052
9053
9056
9057
9058
9059
9061
9063
9064
9065
9068
9069
9070
9071
9073
9075
9076
9077
9080
9081
9082
9083
9086
9087
9088
9089
9091
9093
9094
9095
9098
9099
9100
9101
9104
9105
9106
9107
9110
9111
9112
9113
9115
9117
9118
9119
9122
9123
9124
9125
9128
9129
9130
9131
9133
9135
9136
9137
9140
9141
9142
9143
9146
9147
9148
9149
9151
9153
9154
9155
9158
9159
9160
9161
9164
9165
9166
9167
9169
9171
9172
9173
9176
9177
9178
9179
9182
9183
9184
9185
9188
9189
9190
9191
9193
9195
9196
9197
9200
9201
9202
9203
9206
9207
9208
9209
9211
9213
9214
9215
9217
9219
9220
9221
9224
9225
9226
9227
9230
9231
9232
9233
9236
9237
9238
9239
9242
9243
9244
9245
9247
9249
9250
9251
9253
9255
9256
9257
9260
9261
9262
9263
9266
9267
9268
9269
9272
9273
9274
9275
9278
9279
9280
9281
9283
9285
9286
9287
9289
9291
9292
9293
9296
9297
9298
9299
9302
9303
9304
9305
9308
9309
9310
9311
9314
9315
9316
9317
9319
9321
9322
9323
9325
9327
9328
9329
9332
9333
9334
9335
9338
9339
9340
9341
9343
9345
9346
9347
9350
9351
9352
9353
9356
9357
9358
9359
9362
9363
9364
9365
9368
9369
9370
9371
9373
9375
9376
9377
9380
9381
9382
9383
9386
9387
9388
9389
9391
9393
9394
9395
9398
9399
9400
9401
9404
9405
9406
9407
9409
9411
9412
9413
9416
9417
9418
9419
9422
9423
9424
9425
9427
9429
9430
9431
9433
9435
9436
9437
9440
9441
9442
9443
9446
9447
9448
9449
9451
9453
9454
9455
9458
9459
9460
9461
9464
9465
9466
9467
9469
9471
9472
9473
9476
9477
9478
9479
9482
9483
9484
9485
9488
9489
9490
9491
9493
9495
9496
9497
9500
9501
9502
9503
9506
9507
9508
9509
9512
9513
9514
9515
9517
9519
9520
9521
9524
9525
9526
9527
9530
9531
9532
9533
9535
9537
9538
9539
9542
9543
9544
9545
9548
9549
9550
9551
9553
9555
9556
9557
9560
9561
9562
9563
9565
9567
9568
9569
9572
9573
9574
9575
9578
9579
9580
9581
9584
9585
9586
9587
9589
9591
9592
9593
9595
9597
9598
9599
9602
9603
9604
9605
9608
9609
9610
9611
9613
9615
9616
9617
9620
9621
9622
9623
9626
9627
9628
9629
9632
9633
9634
9635
9638
9639
9640
9641
9643
9645
9646
9647
9650
9651
9652
9653
9656
9657
9658
9659
9661
9663
9664
9665
9668
9669
9670
9671
9674
9675
9676
9677
9679
9681
9682
9683
9686
9687
9688
9689
9691
9693
9694
9695
9698
9699
9700
9701
9703
9705
9706
9707
9710
9711
9712
9713
9716
9717
9718
9719
9721
9723
9724
9725
9728
9729
9730
9731
9734
9735
9736
9737
9740
9741
9742
9743
9746
9747
9748
9749
9751
9753
9754
9755
9757
9759
9760
9761
9764
9765
9766
9767
9770
9771
9772
9773
9776
9777
9778
9779
9781
9783
9784
9785
9788
9789
9790
9791
9794
9795
9796
9797
9800
9801
9802
9803
9805
9807
9808
9809
9812
9813
9814
9815
9818
9819
9820
9821
9823
9825
9826
9827
9830
9831
9832
9833
9835
9837
9838
9839
9842
9843
9844
9845
9848
9849
9850
9851
9853
9855
9856
9857
9860
9861
9862
9863
9866
9867
9868
9869
9872
9873
9874
9875
9877
9879
9880
9881
9884
9885
9886
9887
9889
9891
9892
9893
9896
9897
9898
9899
9902
9903
9904
9905
9907
9909
9910
9911
9914
9915
9916
9917
9920
9921
9922
9923
9925
9927
9928
9929
9932
9933
9934
9935
9938
9939
9940
9941
9943
9945
9946
9947
9950
9951
9952
9953
9955
9957
9958
9959
9962
9963
9964
9965
9968
9969
9970
9971
9973
9975
9976
9977
9980
9981
9982
9983
9986
9987
9988
9989
9991
9993
9994
9995
9998
9999
10000
10001
10004
10005
10006
10007
10009
10011
10012
10013
10016
10017
10018
10019
10022
10023
10024
10025
10028
10029
10030
10031
10034
10035
10036
10037
10039
10041
10042
10043
10046
10047
10048
10049
10052
10053
10054
10055
10057
10059
10060
10061
10064
10065
10066
10067
10070
10071
10072
10073
10075
10077
10078
10079
10082
10083
10084
10085
10088
10089
10090
10091
10093
10095
10096
10097
10100
10101
10102
10103
10105
10107
10108
10109
10112
10113
10114
10115
10117
10119
10120
10121
10124
10125
10126
10127
10130
10131
10132
10133
10135
10137
10138
10139
10142
10143
10144
10145
10148
10149
10150
10151
10154
10155
10156
10157
10160
10161
10162
10163
10165
10167
10168
10169
10172
10173
10174
10175
10178
10179
10180
10181
10183
10185
10186
10187
10189
10191
10192
10193
10196
10197
10198
10199
10202
10203
10204
10205
10207
10209
10210
10211
10214
10215
10216
10217
10220
10221
10222
10223
10225
10227
10228
10229
10232
10233
10234
10235
10238
10239
10240
10241
10244
10245
10246
10247
10249
10251
10252
10253
10256
10257
10258
10259
10262
10263
10264
10265
10267
10269
10270
10271
10274
10275
10276
10277
10280
10281
10282
10283
10286
10287
10288
10289
10291
10293
10294
10295
10298
10299
10300
10301
10303
10305
10306
10307
10310
10311
10312
10313
10316
10317
10318
10319
10322
10323
10324
10325
10327
10329
10330
10331
10334
10335
10336
10337
10339
10341
10342
10343
10346
10347
10348
10349
10352
10353
10354
10355
10358
10359
10360
10361
10363
10365
10366
10367
10370
10371
10372
10373
10375
10377
10378
10379
10382
10383
10384
10385
10388
10389
10390
10391
10394
10395
10396
10397
10399
10401
10402
10403
10406
10407
10408
10409
10412
10413
10414
10415
10417
10419
10420
10421
10423
10425
10426
10427
10430
10431
10432
10433
10436
10437
10438
10439
10442
10443
10444
10445
10447
10449
10450
10451
10454
10455
10456
10457
10460
10461
10462
10463
10465
10467
10468
10469
10472
10473
10474
10475
10478
10479
10480
10481
10484
10485
10486
10487
10489
10491
10492
10493
10496
10497
10498
10499
10502
10503
10504
10505
10507
10509
10510
10511
10514
10515
10516
10517
10519
10521
10522
10523
10526
10527
10528
10529
10532
10533
10534
10535
10537
10539
10540
10541
10544
10545
10546
10547
10550
10551
10552
10553
10555
10557
10558
10559
10562
10563
10564
10565
10568
10569
10570
10571
10573
10575
10576
10577
10580
10581
10582
10583
10585
10587
10588
10589
10592
10593
10594
10595
10598
10599
10600
10601
10603
10605
10606
10607
10610
10611
10612
10613
10616
10617
10618
10619
10622
10623
10624
10625
10627
10629
10630
10631
10634
10635
10636
10637
10640
10641
10642
10643
10645
10647
10648
10649
10652
10653
10654
10655
10658
10659
10660
10661
10664
10665
10666
10667
10669
10671
10672
10673
10676
10677
10678
10679
10682
10683
10684
10685
10687
10689
10690
10691
10694
10695
10696
10697
10699
10701
10702
10703
10706
10707
10708
10709
10712
10713
10714
10715
10717
10719
10720
10721
10724
10725
10726
10727
10730
10731
10732
10733
10735
10737
10738
10739
10742
10743
10744
10745
10747
10749
10750
10751
10754
10755
10756
10757
10760
10761
10762
10763
10766
10767
10768
10769
10771
10773
10774
10775
10778
10779
10780
10781
10783
10785
10786
10787
10790
10791
10792
10793
10796
10797
10798
10799
10802
10803
10804
10805
10807
10809
10810
10811
10814
10815
10816
10817
10820
10821
10822
10823
10825
10827
10828
10829
10832
10833
10834
10835
10837
10839
10840
10841
10844
10845
10846
10847
10850
10851
10852
10853
10856
10857
10858
10859
10861
10863
10864
10865
10868
10869
10870
10871
10874
10875
10876
10877
10879
10881
10882
10883
10886
10887
10888
10889
10892
10893
10894
10895
10897
10899
10900
10901
10904
10905
10906
10907
10910
10911
10912
10913
10915
10917
10918
10919
10922
10923
10924
10925
10927
10929
10930
10931
10934
10935
10936
10937
10940
10941
10942
10943
10945
10947
10948
10949
10952
10953
10954
10955
10958
10959
10960
10961
10963
10965
10966
10967
10970
10971
10972
10973
10976
10977
10978
10979
10982
10983
10984
10985
10987
10989
10990
10991
10994
10995
10996
10997
11000
11001
11002
11003
11006
11007
11008
11009
11011
11013
11014
11015
11018
11019
11020
11021
11024
11025
11026
11027
11029
11031
11032
11033
11036
11037
11038
11039
11041
11043
11044
11045
11048
11049
11050
11051
11053
11055
11056
11057
11060
11061
11062
11063
11066
11067
11068
11069
11072
11073
11074
11075
11077
11079
11080
11081
11084
11085
11086
11087
11090
11091
11092
11093
11095
11097
11098
11099
11102
11103
11104
11105
11108
11109
11110
11111
11113
11115
11116
11117
11120
11121
11122
11123
11125
11127
11128
11129
11132
11133
11134
11135
11138
11139
11140
11141
11144
11145
11146
11147
11149
11151
11152
11153
11156
11157
11158
11159
11162
11163
11164
11165
11167
11169
11170
11171
11174
11175
11176
11177
11180
11181
11182
11183
11185
11187
11188
11189
11192
11193
11194
11195
11198
11199
11200
11201
11204
11205
11206
11207
11209
11211
11212
11213
11216
11217
11218
11219
11222
11223
11224
11225
11227
11229
11230
11231
11234
11235
11236
11237
11240
11241
11242
11243
11245
11247
11248
11249
11252
11253
11254
11255
11257
11259
11260
11261
11264
11265
11266
11267
11270
11271
11272
11273
11275
11277
11278
11279
11282
11283
11284
11285
11288
11289
11290
11291
11294
11295
11296
11297
11299
11301
11302
11303
11306
11307
11308
11309
11311
11313
11314
11315
11318
11319
11320
11321
11324
11325
11326
11327
11330
11331
11332
11333
11335
11337
11338
11339
11342
11343
11344
11345
11348
11349
11350
11351
11353
11355
11356
11357
11359
11361
11362
11363
11366
11367
11368
11369
11372
11373
11374
11375
11377
11379
11380
11381
11384
11385
11386
11387
11390
11391
11392
11393
11395
11397
11398
11399
11402
11403
11404
11405
11408
11409
11410
11411
11413
11415
11416
11417
11420
11421
11422
11423
11426
11427
11428
11429
11432
11433
11434
11435
11437
11439
11440
11441
11444
11445
11446
11447
11450
11451
11452
11453
11455
11457
11458
11459
11462
11463
11464
11465
11467
11469
11470
11471
11474
11475
11476
11477
11480
11481
11482
11483
11485
11487
11488
11489
11492
11493
11494
11495
11498
11499
11500
11501
11504
11505
11506
11507
11509
11511
11512
11513
11516
11517
11518
11519
11521
11523
11524
11525
11528
11529
11530
11531
11534
11535
11536
11537
11540
11541
11542
11543
11545
11547
11548
11549
11552
11553
11554
11555
11558
11559
11560
11561
11563
11565
11566
11567
11570
11571
11572
11573
11575
11577
11578
11579
11582
11583
11584
11585
11588
11589
11590
11591
11594
11595
11596
11597
11600
11601
11602
11603
11605
11607
11608
11609
11612
11613
11614
11615
11618
11619
11620
11621
11623
11625
11626
11627
11630
11631
11632
11633
11635
11637
11638
11639
11642
11643
11644
11645
11648
11649
11650
11651
11654
11655
11656
11657
11659
11661
11662
11663
11666
11667
11668
11669
11672
11673
11674
11675
11677
11679
11680
11681
11683
11685
11686
11687
11690
11691
11692
11693
11696
11697
11698
11699
11702
11703
11704
11705
11708
11709
11710
11711
11713
11715
11716
11717
11719
11721
11722
11723
11726
11727
11728
11729
11732
11733
11734
11735
11737
11739
11740
11741
11744
11745
11746
11747
11750
11751
11752
11753
11756
11757
11758
11759
11762
11763
11764
11765
11767
11769
11770
11771
11774
11775
11776
11777
11780
11781
11782
11783
11785
11787
11788
11789
11792
11793
11794
11795
11797
11799
11800
11801
11804
11805
11806
11807
11809
11811
11812
11813
11816
11817
11818
11819
11822
11823
11824
11825
11828
11829
11830
11831
11834
11835
11836
11837
11839
11841
11842
11843
11846
11847
11848
11849
11852
11853
11854
11855
11857
11859
11860
11861
11864
11865
11866
11867
11870
11871
11872
11873
11875
11877
11878
11879
11882
11883
11884
11885
11887
11889
11890
11891
11894
11895
11896
11897
11899
11901
11902
11903
11906
11907
11908
11909
11912
11913
11914
11915
11917
11919
11920
11921
11924
11925
11926
11927
11930
11931
11932
11933
11935
11937
11938
11939
11942
11943
11944
11945
11948
11949
11950
11951
11953
11955
11956
11957
11960
11961
11962
11963
11966
11967
11968
11969
11972
11973
11974
11975
11978
11979
11980
11981
11983
11985
11986
11987
11989
11991
11992
11993
11996
11997
11998
11999
12002
12003
12004
12005
12008
12009
12010
12011
12014
12015
12016
12017
12019
12021
12022
12023
12026
12027
12028
12029
12032
12033
12034
12035
12037
12039
12040
12041
12044
12045
12046
12047
12049
12051
12052
12053
12056
12057
12058
12059
12061
12063
12064
12065
12068
12069
12070
12071
12074
12075
12076
12077
12080
12081
12082
12083
12085
12087
12088
12089
12092
12093
12094
12095
12098
12099
12100
12101
12103
12105
12106
12107
12110
12111
12112
12113
12115
12117
12118
12119
12122
12123
12124
12125
12128
12129
12130
12131
12134
12135
12136
12137
12139
12141
12142
12143
12146
12147
12148
12149
12152
12153
12154
12155
12157
12159
12160
12161
12164
12165
12166
12167
12170
12171
12172
12173
12176
12177
12178
12179
12181
12183
12184
12185
12188
12189
12190
12191
12193
12195
12196
12197
12200
12201
12202
12203
12206
12207
12208
12209
12211
12213
12214
12215
12218
12219
12220
12221
12223
12225
12226
12227
12230
12231
12232
12233
12236
12237
12238
12239
12242
12243
12244
12245
12248
12249
12250
12251
12253
12255
12256
12257
12260
12261
12262
12263
12266
12267
12268
12269
12271
12273
12274
12275
12277
12279
12280
12281
12284
12285
12286
12287
12290
12291
12292
12293
12296
12297
12298
12299
12302
12303
12304
12305
12307
12309
12310
12311
12313
12315
12316
12317
12320
12321
12322
12323
12326
12327
12328
12329
12331
12333
12334
12335
12338
12339
12340
12341
12344
12345
12346
12347
12349
12351
12352
12353
12356
12357
12358
12359
12362
12363
12364
12365
12368
12369
12370
12371
12374
12375
12376
12377
12379
12381
12382
12383
12385
12387
12388
12389
12392
12393
12394
12395
12398
12399
12400
12401
12404
12405
12406
12407
12409
12411
12412
12413
12416
12417
12418
12419
12422
12423
12424
12425
12427
12429
12430
12431
12434
12435
12436
12437
12439
12441
12442
12443
12446
12447
12448
12449
12452
12453
12454
12455
12457
12459
12460
12461
12464
12465
12466
12467
12470
12471
12472
12473
12476
12477
12478
12479
12481
12483
12484
12485
12488
12489
12490
12491
12494
12495
12496
12497
12499
12501
12502
12503
12506
12507
12508
12509
12511
12513
12514
12515
12518
12519
12520
12521
12524
12525
12526
12527
12529
12531
12532
12533
12536
12537
12538
12539
12542
12543
12544
12545
12548
12549
12550
12551
12553
12555
12556
12557
12560
12561
12562
12563
12566
12567
12568
12569
12571
12573
12574
12575
12578
12579
12580
12581
12584
12585
12586
12587
12589
12591
12592
12593
12596
12597
12598
12599
12602
12603
12604
12605
12607
12609
12610
12611
12614
12615
12616
12617
12620
12621
12622
12623
12626
12627
12628
12629
12631
12633
12634
12635
12637
12639
12640
12641
12644
12645
12646
12647
12650
12651
12652
12653
12656
12657
12658
12659
12662
12663
12664
12665
12667
12669
12670
12671
12674
12675
12676
12677
12680
12681
12682
12683
12685
12687
12688
12689
12691
12693
12694
12695
12698
12699
12700
12701
12704
12705
12706
12707
12709
12711
12712
12713
12716
12717
12718
12719
12722
12723
12724
12725
12727
12729
12730
12731
12734
12735
12736
12737
12740
12741
12742
12743
12746
12747
12748
12749
12752
12753
12754
12755
12757
12759
12760
12761
12763
12765
12766
12767
12770
12771
12772
12773
12776
12777
12778
12779
12782
12783
12784
12785
12788
12789
12790
12791
12793
12795
12796
12797
12799
12801
12802
12803
12806
12807
12808
12809
12812
12813
12814
12815
12817
12819
12820
12821
12824
12825
12826
12827
12830
12831
12832
12833
12836
12837
12838
12839
12842
12843
12844
12845
12847
12849
12850
12851
12853
12855
12856
12857
12860
12861
12862
12863
12866
12867
12868
12869
12872
12873
12874
12875
12878
12879
12880
12881
12883
12885
12886
12887
12889
12891
12892
12893
12896
12897
12898
12899
12902
12903
12904
12905
12907
12909
12910
12911
12914
12915
12916
12917
12920
12921
12922
12923
12925
12927
12928
12929
12932
12933
12934
12935
12938
12939
12940
12941
12943
12945
12946
12947
12950
12951
12952
12953
12956
12957
12958
12959
12962
12963
12964
12965
12968
12969
12970
12971
12973
12975
12976
12977
12980
12981
12982
12983
12986
12987
12988
12989
12991
12993
12994
12995
12998
12999
13000
13001
13003
13005
13006
13007
13010
13011
13012
13013
13015
13017
13018
13019
13022
13023
13024
13025
13028
13029
13030
13031
13034
13035
13036
13037
13040
13041
13042
13043
13045
13047
13048
13049
13052
13053
13054
13055
13058
13059
13060
13061
13063
13065
13066
13067
13070
13071
13072
13073
13075
13077
13078
13079
13082
13083
13084
13085
13088
13089
13090
13091
13093
13095
13096
13097
13100
13101
13102
13103
13106
13107
13108
13109
13111
13113
13114
13115
13118
13119
13120
13121
13124
13125
13126
13127
13129
13131
13132
13133
13136
13137
13138
13139
13142
13143
13144
13145
13147
13149
13150
13151
13154
13155
13156
13157
13160
13161
13162
13163
13166
13167
13168
13169
13171
13173
13174
13175
13177
13179
13180
13181
13184
13185
13186
13187
13190
13191
13192
13193
13196
13197
13198
13199
13201
13203
13204
13205
13208
13209
13210
13211
13214
13215
13216
13217
13220
13221
13222
13223
13225
13227
13228
13229
13231
13233
13234
13235
13238
13239
13240
13241
13244
13245
13246
13247
13249
13251
13252
13253
13256
13257
13258
13259
13262
13263
13264
13265
13268
13269
13270
13271
13273
13275
13276
13277
13280
13281
13282
13283
13286
13287
13288
13289
13291
13293
13294
13295
13298
13299
13300
13301
13303
13305
13306
13307
13310
13311
13312
13313
13316
13317
13318
13319
13321
13323
13324
13325
13328
13329
13330
13331
13334
13335
13336
13337
13340
13341
13342
13343
13345
13347
13348
13349
13352
13353
13354
13355
13358
13359
13360
13361
13363
13365
13366
13367
13370
13371
13372
13373
13376
13377
13378
13379
13382
13383
13384
13385
13387
13389
13390
13391
13393
13395
13396
13397
13400
13401
13402
13403
13406
13407
13408
13409
13411
13413
13414
13415
13418
13419
13420
13421
13424
13425
13426
13427
13429
13431
13432
13433
13436
13437
13438
13439
13442
13443
13444
13445
13448
13449
13450
13451
13453
13455
13456
13457
13460
13461
13462
13463
13465
13467
13468
13469
13472
13473
13474
13475
13478
13479
13480
13481
13483
13485
13487
13488
13489
13491
13492
13493
13495
13497
13498
13500
13501
13503
13504
13506
13508
13509
13510
13512
13513
13514
13516
13518
13520
13521
13522
13523
13525
13527
13529
13530
13531
13533
13535
13536
13537
13539
13540
13541
13543
13545
13546
13548
13549
13551
13552
13554
13555
13557
13558
13560
13561
13563
13564
13566
13567
13568
13570
13571
13573
13574
13577
13578
13580
13581
13582
13583
13585
13586
13589
13590
13591
13593
13594
13595
13597
13598
13600
13602
13603
13605
13606
13608
13609
13610
13612
13614
13616
13617
13618
13620
13622
13623
13624
13626
13628
13629
13630
13631
13633
13635
13637
13638
13639
13641
13643
13644
13645
13646
13648
13649
13652
13653
13655
13656
13657
13658
13661
13662
13664
13665
13666
13668
13669
13670
13672
13673
13676
13677
13678
13679
13681
13682
13684
13685
13688
13689
13691
13692
13693
13695
13697
13698
13700
13701
13702
13703
13706
13707
13708
13710
13711
13712
13715
13716
13718
13719
13720
13722
13723
13725
13726
13728
13729
13731
13732
13733
13736
13737
13738
13739
13741
13742
13745
13746
13747
13748
13751
13752
13753
13754
13756
13757
13760
13761
13762
13764
13765
13766
13768
13769
13771
13773
13775
13776
13777
13778
13780
13782
13783
13784
13787
13788
13789
13791
13792
13794
13796
13797
13798
13800
13801
13802
13804
13805
13807
13808
13810
13811
13813
13814
13816
13818
13820
13821
13823
13824
13825
13826
13829
13830
13831
13833
13834
13835
13838
13839
13841
13842
13843
13844
13846
13848
13849
13850
13852
13854
13855
13857
13858
13860
13861
13862
13865
13866
13868
13869
13870
13871
13874
13875
13877
13878
13879
13881
13883
13884
13886
13887
13888
13889
13892
13893
13895
13896
13897
13898
13900
13901
13903
13905
13907
13908
13909
13910
13912
13914
13915
13916
13918
13920
13921
13922
13924
13926
13927
13928
13930
13931
13933
13934
13937
13938
13939
13941
13943
13944
13945
13947
13948
13950
13952
13953
13954
13956
13957
13958
13960
13961
13964
13965
13966
13968
13970
13971
13973
13974
13975
13977
13979
13980
13981
13983
13984
13985
13987
13989
13991
13992
13993
13995
13997
13998
13999
14000
14002
14004
14006
14007
14008
14009
14011
14012
14014
14015
14017
14018
14020
14021
14023
14024
14026
14027
14029
14030
14032
14033
14035
14036
14038
14039
14041
14042
14044
14045
14047
14048
14050
14051
14053
14054
14056
14057
14059
14060
14062
14063
14065
14066
14068
14069
14071
14072
14074
14075
14077
14078
14080
14081
14083
14084
14086
14087
14089
14090
14092
14093
14095
14096
14098
14099
14101
14102
14104
14105
14107
14108
14110
14111
14113
14114
14116
14117
14119
14120
14122
14123
14125
14126
14128
14129
14131
14132
14134
14135
14137
14138
14140
14141
14143
14144
14146
14147
14149
14150
14152
14153
14155
14156
14158
14159
14161
14162
14164
14165
14167
14168
14170
14171
14173
14174
14176
14177
14179
14180
14182
14183
14185
14186
14188
14189
14191
14192
14194
14195
14197
14198
14200
14201
14203
14204
14206
14207
14209
14210
14212
14213
14215
14216
14218
14219
14221
14222
14224
14225
14227
14228
14230
14231
14233
14234
14236
14237
14239
14240
14242
14243
14245
14246
14248
14249
14251
14252
14254
14255
14257
14258
14260
14261
14263
14264
14266
14267
14269
14270
14272
14273
14275
14276
14278
14279
14281
14282
14284
14285
14287
14288
14290
14291
14293
14294
14296
14297
14299
14300
14302
14303
14305
14306
14308
14309
14311
14312
14314
14315
14317
14318
14320
14321
14323
14324
14326
14327
14329
14330
14332
14333
14335
14336
14338
14339
14341
14342
14344
14345
14347
14348
14350
14351
14353
14354
14356
14357
14359
14360
14362
14363
14365
14366
14368
14369
14371
14372
14374
14375
14377
14378
14380
14381
14383
14384
14386
14387
14389
14390
14392
14393
14395
14396
14398
14399
14401
14402
14404
14405
14407
14408
14410
14411
14413
14414
14416
14417
14419
14420
14422
14423
14425
14426
14428
14429
14431
14432
14434
14435
14437
14438
14440
14441
14443
14444
14446
14447
14449
14450
14452
14453
14455
14456
14458
14459
14461
14462
14464
14465
14467
14468
14470
14471
14473
14474
14476
14477
14479
14480
14482
14483
14485
14486
14488
14489
14491
14492
14494
14495
14497
14498
14500
14501
14503
14504
14506
14507
14509
14510
14512
14513
14515
14516
14518
14519
14521
14522
14524
14525
14527
14528
14530
14531
