c 18096 vertices
c 28281 edges
c 28281 edges after de-duplication
c COMPONENT 582
c incumbent from local search 158
c incumbent from local search 160
c incumbent from local search 161
c incumbent from local search 163
c incumbent from local search 165
c incumbent from local search 166
c incumbent from local search 167
c incumbent from local search 168
c incumbent from local search 169
c incumbent from local search 170
c incumbent from local search 171
c incumbent from local search 172
c incumbent from local search 174
c incumbent from local search 175
c incumbent from local search 176
c incumbent from local search 177
c incumbent from local search 178
c incumbent from local search 179
c incumbent from local search 180
c incumbent from local search 181
c incumbent from local search 182
c incumbent from local search 183
c incumbent from local search 184
c incumbent from local search 185
c incumbent from local search 186
c incumbent from local search 187
c incumbent from local search 188
c incumbent from local search 189
c incumbent from local search 190
c incumbent from local search 191
c incumbent from local search 192
c incumbent from local search 193
c incumbent from local search 194
s vc 18096 11185
3
4
7
10
14
18
20
23
26
28
32
34
39
41
43
46
49
54
56
59
63
66
69
72
73
77
80
84
85
88
93
96
97
102
103
108
111
113
115
118
122
125
128
131
135
138
141
143
147
148
152
154
159
161
163
168
170
173
176
178
182
184
188
191
194
197
201
202
206
209
213
216
219
220
223
228
230
233
235
240
241
245
247
252
253
257
259
264
265
268
272
275
279
281
284
288
289
292
297
298
302
304
307
311
315
316
321
324
325
330
333
335
337
340
343
347
349
353
357
360
361
366
368
370
374
376
379
384
385
390
392
394
397
400
405
406
411
413
415
419
423
424
429
431
433
437
440
444
447
448
453
455
458
462
463
468
471
473
477
480
482
486
487
492
493
498
500
504
506
510
512
515
518
520
523
527
531
533
536
538
543
544
549
551
555
558
560
563
567
568
573
576
579
581
584
586
591
593
596
598
603
606
609
612
615
618
621
624
627
630
633
636
639
642
645
648
651
654
657
660
663
666
669
672
675
678
681
684
687
690
693
696
699
702
705
708
711
714
717
720
723
726
729
732
735
738
741
744
747
750
753
756
759
762
765
768
771
774
777
780
783
786
789
792
795
798
801
804
807
810
813
816
819
822
825
828
831
834
837
840
843
846
849
852
855
858
861
864
867
870
873
876
879
882
885
888
891
894
897
900
903
906
909
912
915
918
921
924
927
930
933
936
939
942
945
948
951
954
957
960
963
966
969
972
975
978
981
984
987
990
993
996
999
1002
1005
1008
1011
1014
1017
1020
1023
1026
1029
1032
1035
1038
1041
1044
1047
1050
1053
1056
1059
1062
1065
1068
1071
1074
1077
1080
1083
1086
1089
1092
1095
1098
1101
1104
1107
1110
1113
1116
1119
1122
1125
1128
1131
1134
1137
1140
1143
1146
1149
1152
1155
1158
1161
1164
1167
1170
1173
1176
1179
1182
1185
1188
1191
1194
1197
1200
1201
1202
1203
1204
1205
1206
1207
1208
1209
1210
1211
1212
1213
1214
1215
1216
1217
1218
1219
1220
1221
1222
1223
1224
1225
1226
1227
1228
1229
1230
1231
1232
1233
1234
1235
1236
1237
1238
1239
1240
1241
1242
1243
1244
1245
1246
1247
1248
1249
1250
1251
1252
1253
1254
1255
1256
1257
1258
1259
1260
1261
1262
1263
1264
1265
1266
1267
1268
1269
1270
1271
1272
1273
1274
1275
1276
1277
1278
1279
1280
1281
1282
1283
1284
1285
1286
1287
1288
1289
1290
1291
1292
1293
1294
1295
1296
1297
1298
1299
1300
1301
1302
1303
1304
1305
1306
1307
1308
1309
1310
1311
1312
1313
1314
1315
1316
1317
1318
1319
1320
1321
1322
1323
1324
1325
1326
1327
1328
1329
1330
1331
1332
1333
1334
1335
1336
1337
1338
1339
1340
1341
1342
1343
1344
1345
1346
1347
1348
1349
1350
1351
1352
1353
1354
1355
1356
1357
1358
1359
1360
1361
1362
1363
1364
1365
1366
1367
1368
1369
1370
1371
1372
1373
1374
1375
1376
1377
1378
1379
1380
1381
1382
1383
1384
1385
1386
1387
1388
1389
1390
1391
1392
1393
1394
1395
1396
1397
1398
1399
1400
1401
1402
1403
1404
1405
1406
1407
1408
1409
1410
1411
1412
1413
1414
1415
1416
1417
1418
1419
1420
1421
1422
1423
1424
1425
1426
1427
1428
1429
1430
1431
1432
1433
1434
1435
1436
1437
1438
1439
1440
1441
1442
1443
1444
1445
1446
1447
1448
1449
1450
1451
1452
1453
1454
1455
1456
1457
1458
1459
1460
1461
1462
1463
1464
1465
1466
1467
1468
1469
1470
1471
1472
1473
1474
1475
1476
1477
1478
1479
1480
1481
1482
1483
1484
1485
1486
1487
1488
1489
1490
1491
1492
1493
1494
1495
1496
1497
1498
1499
1500
1501
1502
1503
1504
1505
1506
1507
1508
1509
1510
1511
1512
1513
1514
1515
1516
1517
1518
1519
1520
1521
1522
1523
1524
1525
1526
1527
1528
1529
1530
1531
1532
1533
1534
1535
1536
1537
1538
1539
1540
1541
1542
1543
1544
1545
1546
1547
1548
1549
1550
1551
1552
1553
1554
1555
1556
1557
1558
1559
1560
1561
1562
1563
1564
1565
1566
1567
1568
1569
1570
1571
1572
1573
1574
1575
1576
1577
1578
1579
1580
1581
1582
1583
1584
1585
1586
1587
1588
1589
1590
1591
1592
1593
1594
1595
1596
1597
1598
1599
1600
1601
1602
1603
1604
1605
1606
1607
1608
1609
1610
1611
1612
1613
1614
1615
1616
1617
1618
1619
1620
1621
1622
1623
1624
1625
1626
1627
1628
1629
1630
1631
1632
1633
1634
1635
1636
1637
1638
1639
1640
1641
1642
1643
1644
1645
1646
1647
1648
1649
1650
1651
1652
1653
1654
1655
1656
1657
1658
1659
1660
1661
1662
1663
1664
1665
1666
1667
1668
1669
1670
1671
1672
1673
1674
1675
1676
1677
1678
1679
1680
1681
1682
1683
1684
1685
1686
1687
1688
1689
1690
1691
1692
1693
1694
1695
1696
1697
1698
1699
1700
1701
1702
1703
1704
1705
1706
1707
1708
1709
1710
1711
1712
1713
1714
1715
1716
1717
1718
1719
1720
1721
1722
1723
1724
1725
1726
1727
1728
1729
1730
1731
1732
1733
1734
1735
1736
1737
1738
1739
1740
1741
1742
1743
1744
1745
1746
1747
1748
1749
1750
1751
1752
1753
1754
1755
1756
1757
1758
1759
1760
1761
1762
1763
1764
1765
1766
1767
1768
1769
1770
1771
1772
1773
1774
1775
1776
1777
1778
1779
1780
1781
1782
1783
1784
1785
1786
1787
1788
1789
1790
1791
1792
1793
1794
1795
1796
1797
1798
1799
1800
1801
1802
1803
1804
1805
1806
1807
1808
1809
1810
1811
1812
1813
1814
1815
1816
1817
1818
1819
1820
1821
1822
1823
1824
1825
1826
1827
1828
1829
1830
1831
1832
1833
1834
1835
1836
1837
1838
1839
1840
1841
1842
1843
1844
1845
1846
1847
1848
1849
1850
1851
1852
1853
1854
1855
1856
1857
1858
1859
1860
1861
1862
1863
1864
1865
1866
1867
1868
1869
1870
1871
1872
1873
1874
1875
1876
1877
1878
1879
1880
1881
1882
1883
1884
1885
1886
1887
1888
1889
1890
1891
1892
1893
1894
1895
1896
1897
1898
1899
1900
1901
1902
1903
1904
1905
1906
1907
1908
1909
1910
1911
1912
1913
1914
1915
1916
1917
1918
1919
1920
1921
1922
1923
1924
1925
1926
1927
1928
1929
1930
1931
1932
1933
1934
1935
1936
1937
1938
1939
1940
1941
1942
1943
1944
1945
1946
1947
1948
1949
1950
1951
1952
1953
1954
1955
1956
1957
1958
1959
1960
1961
1962
1963
1964
1965
1966
1967
1968
1969
1970
1971
1972
1973
1974
1975
1976
1977
1978
1979
1980
1981
1982
1983
1984
1985
1986
1987
1988
1989
1990
1991
1992
1993
1994
1995
1996
1997
1998
1999
2000
2001
2002
2003
2004
2005
2006
2007
2008
2009
2010
2011
2012
2013
2014
2015
2016
2017
2018
2019
2020
2021
2022
2023
2024
2025
2026
2027
2028
2029
2030
2031
2032
2033
2034
2035
2036
2037
2038
2039
2040
2041
2042
2043
2044
2045
2046
2047
2048
2049
2050
2051
2052
2053
2054
2055
2056
2057
2058
2059
2060
2061
2062
2063
2064
2065
2066
2067
2068
2069
2070
2071
2072
2073
2074
2075
2076
2077
2078
2079
2080
2081
2082
2083
2084
2085
2086
2087
2088
2089
2090
2091
2092
2093
2094
2095
2096
2097
2098
2099
2100
2101
2102
2103
2104
2105
2106
2107
2108
2109
2110
2111
2112
2113
2114
2115
2116
2117
2118
2119
2120
2121
2122
2123
2124
2125
2126
2127
2128
2129
2130
2131
2132
2133
2134
2135
2136
2137
2138
2139
2140
2141
2142
2143
2144
2145
2146
2147
2148
2149
2150
2151
2152
2153
2154
2155
2156
2157
2158
2159
2160
2161
2162
2163
2164
2165
2166
2167
2168
2169
2170
2171
2172
2173
2174
2175
2176
2177
2178
2179
2180
2181
2182
2183
2184
2185
2186
2187
2188
2189
2190
2191
2192
2193
2194
2195
2196
2197
2198
2199
2200
2201
2202
2203
2204
2205
2206
2207
2208
2209
2210
2211
2212
2213
2214
2215
2216
2217
2218
2219
2220
2221
2222
2223
2224
2225
2226
2227
2228
2229
2230
2231
2232
2233
2234
2235
2236
2237
2238
2239
2240
2241
2242
2243
2244
2245
2246
2247
2248
2249
2250
2251
2252
2253
2254
2255
2256
2257
2258
2259
2260
2261
2262
2263
2264
2265
2266
2267
2268
2269
2270
2271
2272
2273
2274
2275
2276
2277
2278
2279
2280
2281
2282
2283
2284
2285
2286
2287
2288
2289
2290
2291
2292
2293
2294
2295
2296
2297
2298
2299
2300
2301
2302
2303
2304
2305
2306
2307
2308
2309
2310
2311
2312
2313
2314
2315
2316
2317
2318
2319
2320
2321
2322
2323
2324
2325
2326
2327
2328
2329
2330
2331
2332
2333
2334
2335
2336
2337
2338
2339
2340
2341
2342
2343
2344
2345
2346
2347
2348
2349
2350
2351
2352
2353
2354
2355
2356
2357
2358
2359
2360
2361
2362
2363
2364
2365
2366
2367
2368
2369
2370
2371
2372
2373
2374
2375
2376
2377
2378
2379
2380
2381
2382
2383
2384
2385
2386
2387
2388
2389
2390
2391
2392
2393
2394
2395
2396
2397
2398
2399
2400
2401
2402
2403
2404
2405
2406
2407
2408
2409
2410
2411
2412
2413
2414
2415
2416
2417
2418
2419
2420
2421
2422
2423
2424
2425
2426
2427
2428
2429
2430
2431
2432
2433
2434
2435
2436
2437
2438
2439
2440
2441
2442
2443
2444
2445
2446
2447
2448
2449
2450
2451
2452
2453
2454
2455
2456
2457
2458
2459
2460
2461
2462
2463
2464
2465
2466
2467
2468
2469
2470
2471
2472
2473
2474
2475
2476
2477
2478
2479
2480
2481
2482
2483
2484
2485
2486
2487
2488
2489
2490
2491
2492
2493
2494
2495
2496
2497
2498
2499
2500
2501
2502
2503
2504
2505
2506
2507
2508
2509
2510
2511
2512
2513
2514
2515
2516
2517
2518
2519
2520
2521
2522
2523
2524
2525
2526
2527
2528
2529
2530
2531
2532
2533
2534
2535
2536
2537
2538
2539
2540
2541
2542
2543
2544
2545
2546
2547
2548
2549
2550
2551
2552
2553
2554
2555
2556
2557
2558
2559
2560
2561
2562
2563
2564
2565
2566
2567
2568
2569
2570
2571
2572
2573
2574
2575
2576
2577
2578
2579
2580
2581
2582
2583
2584
2585
2586
2587
2588
2589
2590
2591
2592
2593
2594
2595
2596
2597
2598
2599
2600
2601
2602
2603
2604
2605
2606
2607
2608
2609
2610
2611
2612
2613
2614
2615
2616
2617
2618
2619
2620
2621
2622
2623
2624
2625
2626
2627
2628
2629
2630
2631
2632
2633
2634
2635
2636
2637
2639
2640
2641
2643
2645
2646
2648
2649
2651
2652
2653
2654
2656
2657
2659
2661
2662
2664
2665
2667
2668
2670
2672
2673
2674
2675
2678
2679
2680
2682
2683
2685
2686
2688
2689
2691
2693
2694
2695
2696
2699
2700
2701
2703
2704
2706
2707
2709
2710
2712
2714
2715
2716
2717
2720
2721
2723
2724
2726
2727
2728
2730
2732
2733
2734
2736
2737
2738
2740
2742
2744
2745
2746
2748
2750
2751
2753
2754
2756
2757
2758
2759
2761
2762
2765
2766
2768
2769
2770
2772
2774
2775
2776
2778
2779
2780
2782
2784
2786
2787
2789
2790
2791
2793
2795
2796
2797
2799
2800
2801
2803
2805
2807
2808
2810
2811
2812
2814
2816
2817
2818
2820
2821
2822
2824
2826
2827
2829
2830
2832
2833
2835
2836
2838
2840
2841
2842
2843
2846
2847
2849
2850
2852
2853
2854
2856
2858
2859
2860
2862
2863
2864
2866
2868
2869
2871
2872
2874
2875
2877
2878
2880
2882
2883
2884
2885
2888
2889
2891
2892
2893
2895
2897
2898
2900
2901
2903
2904
2905
2906
2908
2909
2912
2913
2915
2916
2917
2919
2921
2922
2923
2925
2926
2927
2929
2931
2932
2934
2935
2937
2938
2940
2941
2943
2945
2946
2947
2948
2951
2952
2953
2955
2956
2958
2959
2961
2962
2964
2966
2967
2968
2969
2972
2973
2974
2976
2977
2979
2980
2982
2983
2985
2987
2988
2989
2990
2993
2994
2996
2997
2998
3000
3002
3003
3005
3006
3008
3009
3010
3011
3013
3014
3017
3018
3020
3021
3022
3024
3026
3027
3028
3030
3031
3032
3034
3036
3038
3039
3041
3042
3043
3045
3047
3048
3049
3051
3052
3053
3055
3057
3059
3060
3061
3063
3065
3066
3068
3069
3071
3072
3073
3074
3076
3077
3080
3081
3082
3084
3086
3087
3089
3090
3092
3093
3094
3095
3097
3098
3101
3102
3103
3105
3107
3108
3110
3111
3113
3114
3115
3116
3118
3119
3122
3123
3124
3126
3128
3129
3131
3132
3134
3135
3136
3137
3139
3140
3142
3144
3145
3147
3148
3150
3151
3153
3155
3156
3157
3158
3161
3162
3164
3165
3167
3168
3169
3171
3173
3174
3175
3177
3178
3179
3181
3183
3185
3186
3188
3189
3190
3192
3194
3195
3196
3198
3199
3200
3202
3204
3206
3207
3208
3210
3212
3213
3215
3216
3218
3219
3220
3221
3223
3224
3226
3228
3229
3231
3232
3234
3235
3237
3239
3240
3241
3242
3245
3246
3247
3249
3250
3252
3253
3255
3256
3258
3260
3261
3262
3263
3266
3267
3269
3270
3271
3273
3275
3276
3278
3279
3281
3282
3283
3284
3286
3287
3290
3291
3292
3294
3296
3297
3299
3300
3302
3303
3304
3305
3307
3308
3310
3312
3313
3315
3316
3318
3319
3321
3323
3324
3325
3326
3329
3330
3332
3333
3334
3336
3338
3339
3341
3342
3344
3345
3346
3347
3349
3350
3352
3354
3355
3357
3358
3360
3361
3363
3365
3366
3367
3368
3371
3372
3374
3375
3376
3378
3380
3381
3383
3384
3386
3387
3388
3389
3391
3392
3395
3396
3397
3399
3401
3402
3404
3405
3407
3408
3409
3410
3412
3413
3416
3417
3419
3420
3421
3423
3425
3426
3427
3429
3430
3431
3433
3435
3436
3438
3439
3441
3442
3444
3445
3447
3449
3450
3451
3452
3455
3456
3457
3459
3460
3462
3463
3465
3466
3468
3470
3471
3472
3473
3476
3477
3479
3480
3482
3483
3484
3486
3488
3489
3490
3492
3493
3494
3496
3498
3500
3501
3503
3504
3505
3507
3509
3510
3511
3513
3514
3515
3517
3519
3521
3522
3524
3525
3526
3528
3530
3531
3532
3534
3535
3536
3538
3540
3542
3543
3545
3546
3547
3549
3551
3552
3553
3555
3556
3557
3559
3561
3563
3564
3565
3567
3569
3570
3572
3573
3575
3576
3577
3578
3580
3581
3584
3585
3586
3588
3590
3591
3593
3594
3596
3597
3598
3599
3601
3602
3605
3606
3607
3609
3611
3612
3614
3615
3617
3618
3619
3620
3622
3623
3626
3627
3629
3630
3631
3633
3635
3636
3637
3639
3640
3641
3643
3645
3647
3648
3649
3651
3653
3654
3656
3657
3659
3660
3661
3662
3664
3665
3667
3669
3670
3672
3673
3675
3676
3678
3680
3681
3682
3683
3686
3687
3689
3690
3692
3693
3694
3696
3698
3699
3700
3702
3703
3704
3706
3708
3709
3711
3712
3714
3715
3717
3718
3720
3722
3723
3724
3725
3728
3729
3731
3732
3733
3735
3737
3738
3740
3741
3743
3744
3745
3746
3748
3749
3752
3753
3755
3756
3757
3759
3761
3762
3763
3765
3766
3767
3769
3771
3772
3774
3775
3777
3778
3780
3781
3783
3785
3786
3787
3788
3791
3792
3794
3795
3796
3798
3800
3801
3803
3804
3806
3807
3808
3809
3811
3812
3815
3816
3818
3819
3820
3822
3824
3825
3826
3828
3829
3830
3832
3834
3836
3837
3839
3840
3841
3843
3845
3846
3847
3849
3850
3851
3853
3855
3857
3858
3860
3861
3862
3864
3866
3867
3868
3870
3871
3872
3874
3876
3877
3879
3880
3882
3883
3885
3886
3888
3890
3891
3892
3893
3896
3897
3899
3900
3902
3903
3904
3906
3908
3909
3910
3912
3913
3914
3916
3918
3919
3921
3922
3924
3925
3927
3928
3930
3932
3933
3934
3935
3938
3939
3941
3942
3944
3945
3946
3948
3950
3951
3952
3954
3955
3956
3958
3960
3962
3963
3965
3966
3967
3969
3971
3972
3973
3975
3976
3977
3979
3981
3983
3984
3986
3987
3988
3990
3992
3993
3994
3996
3997
3998
4000
4002
4004
4005
4007
4008
4009
4011
4013
4014
4015
4017
4018
4019
4021
4023
4025
4026
4027
4029
4031
4032
4034
4035
4037
4038
4039
4040
4042
4043
4045
4047
4048
4050
4051
4053
4054
4056
4058
4059
4060
4061
4064
4065
4067
4068
4070
4071
4072
4074
4076
4077
4078
4080
4081
4082
4084
4086
4088
4089
4091
4092
4093
4095
4097
4098
4099
4101
4102
4103
4105
4107
4109
4110
4111
4113
4115
4116
4118
4119
4121
4122
4123
4124
4126
4127
4130
4131
4132
4134
4136
4137
4139
4140
4142
4143
4144
4145
4147
4148
4151
4152
4153
4155
4157
4158
4160
4161
4163
4164
4165
4166
4168
4169
4171
4173
4174
4176
4177
4179
4180
4182
4184
4185
4186
4187
4190
4191
4192
4194
4195
4197
4198
4200
4201
4203
4205
4206
4207
4208
4211
4212
4214
4215
4216
4218
4220
4221
4223
4224
4226
4227
4228
4229
4231
4232
4235
4236
4238
4239
4240
4242
4244
4245
4246
4248
4249
4250
4252
4254
4256
4257
4259
4260
4261
4263
4265
4266
4267
4269
4270
4271
4273
4275
4276
4278
4279
4281
4282
4284
4285
4287
4289
4290
4291
4292
4295
4296
4298
4299
4300
4302
4304
4305
4307
4308
4310
4311
4312
4313
4315
4316
4318
4320
4321
4323
4324
4326
4327
4329
4331
4332
4333
4334
4337
4338
4340
4341
4343
4344
4345
4347
4349
4350
4351
4353
4354
4355
4357
4359
4360
4362
4363
4365
4366
4368
4369
4371
4373
4374
4375
4376
4379
4380
4382
4383
4384
4386
4388
4389
4391
4392
4394
4395
4396
4397
4399
4400
4402
4404
4405
4407
4408
4410
4411
4413
4415
4416
4417
4418
4421
4422
4424
4425
4427
4428
4429
4431
4433
4434
4435
4437
4438
4439
4441
4443
4444
4446
4447
4449
4450
4452
4453
4455
4457
4458
4459
4460
4463
4464
4466
4467
4468
4470
4472
4473
4475
4476
4478
4479
4480
4481
4483
4484
4486
4488
4489
4491
4492
4494
4495
4497
4499
4500
4501
4502
4505
4506
4507
4509
4510
4512
4513
4515
4516
4518
4520
4521
4522
4523
4526
4527
4529
4530
4532
4533
4534
4536
4538
4539
4540
4542
4543
4544
4546
4548
4550
4551
4553
4554
4555
4557
4559
4560
4561
4563
4564
4565
4567
4569
4571
4572
4573
4575
4577
4578
4580
4581
4583
4584
4585
4586
4588
4589
4592
4593
4595
4596
4597
4599
4601
4602
4603
4605
4606
4607
4609
4611
4613
4614
4616
4617
4618
4620
4622
4623
4624
4626
4627
4628
4630
4632
4634
4635
4636
4638
4640
4641
4643
4644
4646
4647
4648
4649
4651
4652
4654
4656
4657
4659
4660
4662
4663
4665
4667
4668
4669
4670
4673
4674
4675
4677
4678
4680
4681
4683
4684
4686
4688
4689
4690
4691
4694
4695
4697
4698
4699
4701
4703
4704
4706
4707
4709
4710
4711
4712
4714
4715
4717
4719
4720
4722
4723
4725
4726
4728
4730
4731
4732
4733
4736
4737
4739
4740
4742
4743
4744
4746
4748
4749
4750
4752
4753
4754
4756
4758
4759
4761
4762
4764
4765
4767
4768
4770
4772
4773
4774
4775
4778
4779
4780
4782
4783
4785
4786
4788
4789
4791
4793
4794
4795
4796
4799
4800
4802
4803
4805
4806
4807
4809
4811
4812
4813
4815
4816
4817
4819
4821
4823
4824
4825
4827
4829
4830
4832
4833
4835
4836
4837
4838
4840
4841
4843
4845
4846
4848
4849
4851
4852
4854
4856
4857
4858
4859
4862
4863
4865
4866
4867
4869
4871
4872
4874
4875
4877
4878
4879
4880
4882
4883
4886
4887
4888
4890
4892
4893
4895
4896
4898
4899
4900
4901
4903
4904
4906
4908
4909
4911
4912
4914
4915
4917
4919
4920
4921
4922
4925
4926
4928
4929
4930
4932
4934
4935
4937
4938
4940
4941
4942
4943
4945
4946
4949
4950
4951
4953
4955
4956
4958
4959
4961
4962
4963
4964
4966
4967
4970
4971
4973
4974
4975
4977
4979
4980
4981
4983
4984
4985
4987
4989
4990
4992
4993
4995
4996
4998
4999
5001
5003
5004
5005
5006
5009
5010
5011
5013
5014
5016
5017
5019
5020
5022
5024
5025
5026
5027
5030
5031
5032
5034
5035
5037
5038
5040
5041
5043
5045
5046
5047
5048
5051
5052
5054
5055
5057
5058
5059
5061
5063
5064
5065
5067
5068
5069
5071
5073
5074
5076
5077
5079
5080
5082
5083
5085
5087
5088
5089
5090
5093
5094
5096
5097
5099
5100
5101
5103
5105
5106
5107
5109
5110
5111
5113
5115
5117
5118
5119
5121
5123
5124
5126
5127
5129
5130
5131
5132
5134
5135
5138
5139
5140
5142
5144
5145
5147
5148
5150
5151
5152
5153
5155
5156
5158
5160
5161
5163
5164
5166
5167
5169
5171
5172
5173
5174
5177
5178
5180
5181
5182
5184
5186
5187
5189
5190
5192
5193
5194
5195
5197
5198
5201
5202
5204
5205
5206
5208
5210
5211
5212
5214
5215
5216
5218
5220
5221
5223
5224
5226
5227
5229
5230
5232
5234
5235
5236
5237
5240
5241
5243
5244
5246
5247
5248
5250
5252
5253
5254
5256
5257
5258
5260
5262
5263
5265
5266
5268
5269
5271
5272
5274
5276
5277
5278
5279
5282
5283
5284
5286
5287
5289
5290
5292
5293
5295
5297
5298
5299
5300
5303
5304
5306
5307
5308
5310
5312
5313
5315
5316
5318
5319
5320
5321
5323
5324
5326
5328
5329
5331
5332
5334
5335
5337
5339
5340
5341
5342
5345
5346
5348
5349
5350
5352
5354
5355
5357
5358
5360
5361
5362
5363
5365
5366
5369
5370
5372
5373
5374
5376
5378
5379
5380
5382
5383
5384
5386
5388
5389
5391
5392
5394
5395
5397
5398
5400
5402
5403
5404
5405
5408
5409
5410
5412
5413
5415
5416
5418
5419
5421
5423
5424
5425
5426
5429
5430
5431
5433
5434
5436
5437
5439
5440
5442
5444
5445
5446
5447
5450
5451
5453
5454
5455
5457
5459
5460
5462
5463
5465
5466
5467
5468
5470
5471
5473
5475
5476
5478
5479
5481
5482
5484
5486
5487
5488
5489
5492
5493
5495
5496
5497
5499
5501
5502
5504
5505
5507
5508
5509
5510
5512
5513
5516
5517
5519
5520
5521
5523
5525
5526
5527
5529
5530
5531
5533
5535
5536
5538
5539
5541
5542
5544
5545
5547
5549
5550
5551
5552
5555
5556
5558
5559
5561
5562
5563
5565
5567
5568
5569
5571
5572
5573
5575
5577
5579
5580
5581
5583
5585
5586
5588
5589
5591
5592
5593
5594
5596
5597
5599
5601
5602
5604
5605
5607
5608
5610
5612
5613
5614
5615
5618
5619
5621
5622
5623
5625
5627
5628
5630
5631
5633
5634
5635
5636
5638
5639
5642
5643
5645
5646
5647
5649
5651
5652
5653
5655
5656
5657
5659
5661
5662
5664
5665
5667
5668
5670
5671
5673
5675
5676
5677
5678
5681
5682
5684
5685
5687
5688
5689
5691
5693
5694
5695
5697
5698
5699
5701
5703
5705
5706
5708
5709
5710
5712
5714
5715
5716
5718
5719
5720
5722
5724
5726
5727
5728
5730
5732
5733
5735
5736
5738
5739
5740
5741
5743
5744
5747
5748
5749
5751
5753
5754
5756
5757
5759
5760
5761
5762
5764
5765
5767
5769
5770
5772
5773
5775
5776
5778
5780
5781
5782
5783
5786
5787
5789
5790
5791
5793
5795
5796
5798
5799
5801
5802
5803
5804
5806
5807
5810
5811
5813
5814
5815
5817
5819
5820
5821
5823
5824
5825
5827
5829
5831
5832
5834
5835
5836
5838
5840
5841
5842
5844
5845
5846
5848
5850
5852
5853
5854
5856
5858
5859
5861
5862
5864
5865
5866
5867
5869
5870
5872
5874
5875
5877
5878
5880
5881
5883
5885
5886
5887
5888
5891
5892
5894
5895
5896
5898
5900
5901
5903
5904
5906
5907
5908
5909
5911
5912
5915
5916
5917
5919
5921
5922
5924
5925
5927
5928
5929
5930
5932
5933
5936
5937
5939
5940
5941
5943
5945
5946
5947
5949
5950
5951
5953
5955
5957
5958
5959
5961
5963
5964
5966
5967
5969
5970
5971
5972
5974
5975
5978
5979
5980
5982
5984
5985
5987
5988
5990
5991
5992
5993
5995
5996
5999
6000
6002
6003
6004
6006
6008
6009
6010
6012
6013
6014
6016
6018
6020
6021
6022
6024
6026
6027
6029
6030
6032
6033
6034
6035
6037
6038
6040
6042
6043
6045
6046
6048
6049
6051
6053
6054
6055
6056
6059
6060
6062
6063
6064
6066
6068
6069
6071
6072
6074
6075
6076
6077
6079
6080
6082
6084
6085
6087
6088
6090
6091
6093
6095
6096
6097
6098
6101
6102
6104
6105
6106
6108
6110
6111
6113
6114
6116
6117
6118
6119
6121
6122
6125
6126
6128
6129
6130
6132
6134
6135
6136
6138
6139
6140
6142
6144
6146
6147
6148
6150
6152
6153
6155
6156
6158
6159
6160
6161
6163
6164
6167
6168
6170
6171
6172
6174
6176
6177
6178
6180
6181
6182
6184
6186
6188
6189
6190
6192
6194
6195
6197
6198
6200
6201
6202
6203
6205
6206
6209
6210
6212
6213
6214
6216
6218
6219
6220
6222
6223
6224
6226
6228
6230
6231
6233
6234
6235
6237
6239
6240
6241
6243
6244
6245
6247
6249
6251
6252
6254
6255
6256
6258
6260
6261
6262
6264
6265
6266
6268
6270
6271
6273
6274
6276
6277
6279
6280
6282
6284
6285
6286
6287
6290
6291
6292
6294
6295
6297
6298
6300
6301
6303
6305
6306
6307
6308
6311
6312
6314
6315
6317
6318
6319
6321
6323
6324
6325
6327
6328
6329
6331
6333
6335
6336
6337
6339
6341
6342
6344
6345
6347
6348
6349
6350
6352
6353
6356
6357
6359
6360
6361
6363
6365
6366
6367
6369
6370
6371
6373
6375
6377
6378
6380
6381
6382
6384
6386
6387
6388
6390
6391
6392
6394
6396
6397
6399
6400
6402
6403
6405
6406
6408
6410
6411
6412
6413
6416
6417
6419
6420
6421
6423
6425
6426
6428
6429
6431
6432
6433
6434
6436
6437
6439
6441
6442
6444
6445
6447
6448
6450
6452
6453
6454
6455
6458
6459
6461
6462
6463
6465
6467
6468
6470
6471
6473
6474
6475
6476
6478
6479
6482
6483
6485
6486
6487
6489
6491
6492
6493
6495
6496
6497
6499
6501
6503
6504
6505
6507
6509
6510
6512
6513
6515
6516
6517
6518
6520
6521
6524
6525
6526
6528
6530
6531
6533
6534
6536
6537
6538
6539
6541
6542
6545
6546
6548
6549
6550
6552
6554
6555
6556
6558
6559
6560
6562
6564
6566
6567
6569
6570
6571
6573
6575
6576
6577
6579
6580
6581
6583
6585
6587
6588
6589
6591
6593
6594
6596
6597
6599
6600
6601
6602
6604
6605
6607
6609
6610
6612
6613
6615
6616
6618
6620
6621
6622
6623
6626
6627
6629
6630
6631
6633
6635
6636
6638
6639
6641
6642
6643
6644
6646
6647
6650
6651
6652
6654
6656
6657
6659
6660
6662
6663
6664
6665
6667
6668
6671
6672
6673
6675
6677
6678
6680
6681
6683
6684
6685
6686
6688
6689
6692
6693
6695
6696
6697
6699
6701
6702
6703
6705
6706
6707
6709
6711
6713
6714
6716
6717
6718
6720
6722
6723
6724
6726
6727
6728
6730
6732
6733
6735
6736
6738
6739
6741
6742
6744
6746
6747
6748
6749
6752
6753
6755
6756
6757
6759
6761
6762
6764
6765
6767
6768
6769
6770
6772
6773
6776
6777
6779
6780
6781
6783
6785
6786
6787
6789
6790
6791
6793
6795
6797
6798
6800
6801
6802
6804
6806
6807
6808
6810
6811
6812
6814
6816
6817
6819
6820
6822
6823
6825
6826
6828
6830
6831
6832
6833
6836
6837
6838
6840
6841
6842
6845
6846
6847
6848
6851
6852
6853
6854
6857
6858
6859
6860
6862
6864
6865
6866
6869
6870
6871
6872
6875
6876
6877
6878
6880
6882
6883
6884
6887
6888
6889
6890
6893
6894
6895
6896
6898
6900
6901
6902
6905
6906
6907
6908
6911
6912
6913
6914
6917
6918
6919
6920
6922
6924
6925
6926
6929
6930
6931
6932
6935
6936
6937
6938
6940
6942
6943
6944
6947
6948
6949
6950
6952
6954
6955
6956
6959
6960
6961
6962
6965
6966
6967
6968
6970
6972
6973
6974
6977
6978
6979
6980
6983
6984
6985
6986
6988
6990
6991
6992
6995
6996
6997
6998
7001
7002
7003
7004
7006
7008
7009
7010
7013
7014
7015
7016
7019
7020
7021
7022
7024
7026
7027
7028
7031
7032
7033
7034
7037
7038
7039
7040
7043
7044
7045
7046
7048
7050
7051
7052
7055
7056
7057
7058
7060
7062
7063
7064
7067
7068
7069
7070
7073
7074
7075
7076
7079
7080
7081
7082
7084
7086
7087
7088
7091
7092
7093
7094
7097
7098
7099
7100
7102
7104
7105
7106
7109
7110
7111
7112
7114
7116
7117
7118
7121
7122
7123
7124
7127
7128
7129
7130
7133
7134
7135
7136
7138
7140
7141
7142
7145
7146
7147
7148
7150
7152
7153
7154
7157
7158
7159
7160
7163
7164
7165
7166
7169
7170
7171
7172
7174
7176
7177
7178
7181
7182
7183
7184
7187
7188
7189
7190
7192
7194
7195
7196
7199
7200
7201
7202
7205
7206
7207
7208
7210
7212
7213
7214
7217
7218
7219
7220
7223
7224
7225
7226
7228
7230
7231
7232
7235
7236
7237
7238
7241
7242
7243
7244
7246
7248
7249
7250
7253
7254
7255
7256
7258
7260
7261
7262
7265
7266
7267
7268
7270
7272
7273
7274
7277
7278
7279
7280
7283
7284
7285
7286
7289
7290
7291
7292
7294
7296
7297
7298
7301
7302
7303
7304
7306
7308
7309
7310
7313
7314
7315
7316
7319
7320
7321
7322
7324
7326
7327
7328
7331
7332
7333
7334
7337
7338
7339
7340
7342
7344
7345
7346
7349
7350
7351
7352
7355
7356
7357
7358
7360
7362
7363
7364
7367
7368
7369
7370
7373
7374
7375
7376
7378
7380
7381
7382
7385
7386
7387
7388
7391
7392
7393
7394
7396
7398
7399
7400
7403
7404
7405
7406
7409
7410
7411
7412
7414
7416
7417
7418
7421
7422
7423
7424
7427
7428
7429
7430
7433
7434
7435
7436
7439
7440
7441
7442
7444
7446
7447
7448
7451
7452
7453
7454
7457
7458
7459
7460
7462
7464
7465
7466
7469
7470
7471
7472
7475
7476
7477
7478
7480
7482
7483
7484
7487
7488
7489
7490
7493
7494
7495
7496
7498
7500
7501
7502
7504
7506
7507
7508
7511
7512
7513
7514
7517
7518
7519
7520
7523
7524
7525
7526
7529
7530
7531
7532
7534
7536
7537
7538
7541
7542
7543
7544
7547
7548
7549
7550
7552
7554
7555
7556
7559
7560
7561
7562
7565
7566
7567
7568
7570
7572
7573
7574
7576
7578
7579
7580
7583
7584
7585
7586
7589
7590
7591
7592
7594
7596
7597
7598
7601
7602
7603
7604
7607
7608
7609
7610
7613
7614
7615
7616
7619
7620
7621
7622
7624
7626
7627
7628
7631
7632
7633
7634
7637
7638
7639
7640
7642
7644
7645
7646
7649
7650
7651
7652
7655
7656
7657
7658
7660
7662
7663
7664
7667
7668
7669
7670
7672
7674
7675
7676
7679
7680
7681
7682
7685
7686
7687
7688
7691
7692
7693
7694
7696
7698
7699
7700
7703
7704
7705
7706
7709
7710
7711
7712
7714
7716
7717
7718
7721
7722
7723
7724
7727
7728
7729
7730
7732
7734
7735
7736
7738
7740
7741
7742
7745
7746
7747
7748
7751
7752
7753
7754
7757
7758
7759
7760
7763
7764
7765
7766
7768
7770
7771
7772
7775
7776
7777
7778
7780
7782
7783
7784
7787
7788
7789
7790
7793
7794
7795
7796
7799
7800
7801
7802
7804
7806
7807
7808
7811
7812
7813
7814
7816
7818
7819
7820
7823
7824
7825
7826
7828
7830
7831
7832
7835
7836
7837
7838
7841
7842
7843
7844
7847
7848
7849
7850
7852
7854
7855
7856
7859
7860
7861
7862
7864
7866
7867
7868
7871
7872
7873
7874
7877
7878
7879
7880
7883
7884
7885
7886
7889
7890
7891
7892
7894
7896
7897
7898
7901
7902
7903
7904
7907
7908
7909
7910
7912
7914
7915
7916
7919
7920
7921
7922
7925
7926
7927
7928
7930
7932
7933
7934
7937
7938
7939
7940
7942
7944
7945
7946
7949
7950
7951
7952
7955
7956
7957
7958
7960
7962
7963
7964
7967
7968
7969
7970
7973
7974
7975
7976
7979
7980
7981
7982
7984
7986
7987
7988
7991
7992
7993
7994
7997
7998
7999
8000
8002
8004
8005
8006
8009
8010
8011
8012
8014
8016
8017
8018
8021
8022
8023
8024
8027
8028
8029
8030
8033
8034
8035
8036
8038
8040
8041
8042
8045
8046
8047
8048
8051
8052
8053
8054
8056
8058
8059
8060
8063
8064
8065
8066
8068
8070
8071
8072
8075
8076
8077
8078
8081
8082
8083
8084
8087
8088
8089
8090
8092
8094
8095
8096
8099
8100
8101
8102
8105
8106
8107
8108
8110
8112
8113
8114
8117
8118
8119
8120
8122
8124
8125
8126
8129
8130
8131
8132
8135
8136
8137
8138
8140
8142
8143
8144
8147
8148
8149
8150
8153
8154
8155
8156
8158
8160
8161
8162
8165
8166
8167
8168
8170
8172
8173
8174
8177
8178
8179
8180
8183
8184
8185
8186
8188
8190
8191
8192
8195
8196
8197
8198
8201
8202
8203
8204
8206
8208
8209
8210
8213
8214
8215
8216
8219
8220
8221
8222
8225
8226
8227
8228
8230
8232
8233
8234
8237
8238
8239
8240
8242
8244
8245
8246
8249
8250
8251
8252
8255
8256
8257
8258
8261
8262
8263
8264
8266
8268
8269
8270
8273
8274
8275
8276
8278
8280
8281
8282
8285
8286
8287
8288
8291
8292
8293
8294
8296
8298
8299
8300
8303
8304
8305
8306
8309
8310
8311
8312
8315
8316
8317
8318
8321
8322
8323
8324
8326
8328
8329
8330
8333
8334
8335
8336
8339
8340
8341
8342
8344
8346
8347
8348
8350
8352
8353
8354
8357
8358
8359
8360
8363
8364
8365
8366
8368
8370
8371
8372
8375
8376
8377
8378
8381
8382
8383
8384
8386
8388
8389
8390
8393
8394
8395
8396
8399
8400
8401
8402
8405
8406
8407
8408
8411
8412
8413
8414
8416
8418
8419
8420
8422
8424
8425
8426
8429
8430
8431
8432
8435
8436
8437
8438
8440
8442
8443
8444
8447
8448
8449
8450
8453
8454
8455
8456
8458
8460
8461
8462
8465
8466
8467
8468
8471
8472
8473
8474
8477
8478
8479
8480
8482
8484
8485
8486
8489
8490
8491
8492
8495
8496
8497
8498
8500
8502
8503
8504
8507
8508
8509
8510
8512
8514
8515
8516
8519
8520
8521
8522
8525
8526
8527
8528
8531
8532
8533
8534
8536
8538
8539
8540
8543
8544
8545
8546
8548
8550
8551
8552
8555
8556
8557
8558
8561
8562
8563
8564
8567
8568
8569
8570
8572
8574
8575
8576
8579
8580
8581
8582
8584
8586
8587
8588
8591
8592
8593
8594
8597
8598
8599
8600
8603
8604
8605
8606
8608
8610
8611
8612
8615
8616
8617
8618
8620
8622
8623
8624
8627
8628
8629
8630
8633
8634
8635
8636
8639
8640
8641
8642
8644
8646
8647
8648
8651
8652
8653
8654
8657
8658
8659
8660
8662
8664
8665
8666
8669
8670
8671
8672
8674
8676
8677
8678
8681
8682
8683
8684
8687
8688
8689
8690
8693
8694
8695
8696
8699
8700
8701
8702
8704
8706
8707
8708
8711
8712
8713
8714
8717
8718
8719
8720
8722
8724
8725
8726
8729
8730
8731
8732
8735
8736
8737
8738
8740
8742
8743
8744
8747
8748
8749
8750
8753
8754
8755
8756
8758
8760
8761
8762
8765
8766
8767
8768
8770
8772
8773
8774
8777
8778
8779
8780
8783
8784
8785
8786
8788
8790
8791
8792
8795
8796
8797
8798
8801
8802
8803
8804
8806
8808
8809
8810
8813
8814
8815
8816
8819
8820
8821
8822
8824
8826
8827
8828
8831
8832
8833
8834
8837
8838
8839
8840
8843
8844
8845
8846
8848
8850
8851
8852
8855
8856
8857
8858
8861
8862
8863
8864
8866
8868
8869
8870
8873
8874
8875
8876
8879
8880
8881
8882
8884
8886
8887
8888
8891
8892
8893
8894
8897
8898
8899
8900
8902
8904
8905
8906
8908
8910
8911
8912
8915
8916
8917
8918
8921
8922
8923
8924
8927
8928
8929
8930
8933
8934
8935
8936
8938
8940
8941
8942
8945
8946
8947
8948
8950
8952
8953
8954
8957
8958
8959
8960
8963
8964
8965
8966
8968
8970
8971
8972
8975
8976
8977
8978
8980
8982
8983
8984
8987
8988
8989
8990
8993
8994
8995
8996
8999
9000
9001
9002
9004
9006
9007
9008
9011
9012
9013
9014
9017
9018
9019
9020
9022
9024
9025
9026
9029
9030
9031
9032
9035
9036
9037
9038
9040
9042
9043
9044
9047
9048
9049
9050
9053
9054
9055
9056
9058
9060
9061
9062
9065
9066
9067
9068
9071
9072
9073
9074
9077
9078
9079
9080
9082
9084
9085
9086
9089
9090
9091
9092
9095
9096
9097
9098
9100
9102
9103
9104
9107
9108
9109
9110
9113
9114
9115
9116
9118
9120
9121
9122
9125
9126
9127
9128
9130
9132
9133
9134
9137
9138
9139
9140
9143
9144
9145
9146
9148
9150
9151
9152
9155
9156
9157
9158
9161
9162
9163
9164
9167
9168
9169
9170
9172
9174
9175
9176
9179
9180
9181
9182
9185
9186
9187
9188
9190
9192
9193
9194
9196
9198
9199
9200
9203
9204
9205
9206
9209
9210
9211
9212
9215
9216
9217
9218
9220
9222
9223
9224
9227
9228
9229
9230
9232
9234
9235
9236
9239
9240
9241
9242
9245
9246
9247
9248
9250
9252
9253
9254
9257
9258
9259
9260
9263
9264
9265
9266
9269
9270
9271
9272
9274
9276
9277
9278
9281
9282
9283
9284
9287
9288
9289
9290
9292
9294
9295
9296
9299
9300
9301
9302
9304
9306
9307
9308
9311
9312
9313
9314
9317
9318
9319
9320
9322
9324
9325
9326
9329
9330
9331
9332
9335
9336
9337
9338
9341
9342
9343
9344
9347
9348
9349
9350
9352
9354
9355
9356
9359
9360
9361
9362
9364
9366
9367
9368
9371
9372
9373
9374
9377
9378
9379
9380
9382
9384
9385
9386
9389
9390
9391
9392
9395
9396
9397
9398
9401
9402
9403
9404
9406
9408
9409
9410
9413
9414
9415
9416
9418
9420
9421
9422
9425
9426
9427
9428
9430
9432
9433
9434
9437
9438
9439
9440
9443
9444
9445
9446
9448
9450
9451
9452
9455
9456
9457
9458
9461
9462
9463
9464
9467
9468
9469
9470
9472
9474
9475
9476
9479
9480
9481
9482
9485
9486
9487
9488
9490
9492
9493
9494
9497
9498
9499
9500
9503
9504
9505
9506
9508
9510
9511
9512
9515
9516
9517
9518
9521
9522
9523
9524
9526
9528
9529
9530
9533
9534
9535
9536
9539
9540
9541
9542
9544
9546
9547
9548
9551
9552
9553
9554
9556
9558
9559
9560
9563
9564
9565
9566
9569
9570
9571
9572
9575
9576
9577
9578
9580
9582
9583
9584
9587
9588
9589
9590
9593
9594
9595
9596
9598
9600
9601
9602
9605
9606
9607
9608
9610
9612
9613
9614
9617
9618
9619
9620
9623
9624
9625
9626
9629
9630
9631
9632
9634
9636
9637
9638
9641
9642
9643
9644
9647
9648
9649
9650
9652
9654
9655
9656
9659
9660
9661
9662
9664
9666
9667
9668
9671
9672
9673
9674
9677
9678
9679
9680
9683
9684
9685
9686
9688
9690
9691
9692
9695
9696
9697
9698
9700
9702
9703
9704
9707
9708
9709
9710
9713
9714
9715
9716
9719
9720
9721
9722
9725
9726
9727
9728
9730
9732
9733
9734
9737
9738
9739
9740
9743
9744
9745
9746
9748
9750
9751
9752
9754
9756
9757
9758
9761
9762
9763
9764
9767
9768
9769
9770
9772
9774
9775
9776
9779
9780
9781
9782
9785
9786
9787
9788
9790
9792
9793
9794
9797
9798
9799
9800
9803
9804
9805
9806
9809
9810
9811
9812
9814
9816
9817
9818
9821
9822
9823
9824
9827
9828
9829
9830
9832
9834
9835
9836
9839
9840
9841
9842
9845
9846
9847
9848
9851
9852
9853
9854
9856
9858
9859
9860
9863
9864
9865
9866
9868
9870
9871
9872
9875
9876
9877
9878
9881
9882
9883
9884
9887
9888
9889
9890
9892
9894
9895
9896
9899
9900
9901
9902
9904
9906
9907
9908
9911
9912
9913
9914
9917
9918
9919
9920
9923
9924
9925
9926
9928
9930
9931
9932
9935
9936
9937
9938
9940
9942
9943
9944
9947
9948
9949
9950
9953
9954
9955
9956
9958
9960
9961
9962
9965
9966
9967
9968
9970
9972
9973
9974
9977
9978
9979
9980
9983
9984
9985
9986
9988
9990
9991
9992
9995
9996
9997
9998
10001
10002
10003
10004
10007
10008
10009
10010
10013
10014
10015
10016
10018
10020
10021
10022
10024
10026
10027
10028
10031
10032
10033
10034
10037
10038
10039
10040
10043
10044
10045
10046
10049
10050
10051
10052
10054
10056
10057
10058
10060
10062
10063
10064
10067
10068
10069
10070
10073
10074
10075
10076
10079
10080
10081
10082
10085
10086
10087
10088
10090
10092
10093
10094
10096
10098
10099
10100
10103
10104
10105
10106
10109
10110
10111
10112
10115
10116
10117
10118
10121
10122
10123
10124
10126
10128
10129
10130
10132
10134
10135
10136
10139
10140
10141
10142
10145
10146
10147
10148
10150
10152
10153
10154
10157
10158
10159
10160
10163
10164
10165
10166
10169
10170
10171
10172
10175
10176
10177
10178
10180
10182
10183
10184
10187
10188
10189
10190
10193
10194
10195
10196
10198
10200
10201
10202
10204
10206
10207
10208
10211
10212
10213
10214
10217
10218
10219
10220
10223
10224
10225
10226
10229
10230
10231
10232
10234
10236
10237
10238
10240
10242
10243
10244
10247
10248
10249
10250
10253
10254
10255
10256
10258
10260
10261
10262
10265
10266
10267
10268
10271
10272
10273
10274
10276
10278
10279
10280
10283
10284
10285
10286
10289
10290
10291
10292
10295
10296
10297
10298
10300
10302
10303
10304
10307
10308
10309
10310
10313
10314
10315
10316
10318
10320
10321
10322
10325
10326
10327
10328
10330
10332
10333
10334
10337
10338
10339
10340
10343
10344
10345
10346
10349
10350
10351
10352
10354
10356
10357
10358
10361
10362
10363
10364
10367
10368
10369
10370
10372
10374
10375
10376
10379
10380
10381
10382
10385
10386
10387
10388
10390
10392
10393
10394
10397
10398
10399
10400
10402
10404
10405
10406
10409
10410
10411
10412
10415
10416
10417
10418
10421
10422
10423
10424
10426
10428
10429
10430
10433
10434
10435
10436
10439
10440
10441
10442
10444
10446
10447
10448
10451
10452
10453
10454
10456
10458
10459
10460
10463
10464
10465
10466
10469
10470
10471
10472
10474
10476
10477
10478
10481
10482
10483
10484
10487
10488
10489
10490
10493
10494
10495
10496
10499
10500
10501
10502
10504
10506
10507
10508
10511
10512
10513
10514
10517
10518
10519
10520
10522
10524
10525
10526
10529
10530
10531
10532
10534
10536
10537
10538
10541
10542
10543
10544
10547
10548
10549
10550
10552
10554
10555
10556
10559
10560
10561
10562
10565
10566
10567
10568
10570
10572
10573
10574
10577
10578
10579
10580
10583
10584
10585
10586
10589
10590
10591
10592
10594
10596
10597
10598
10601
10602
10603
10604
10606
10608
10609
10610
10613
10614
10615
10616
10619
10620
10621
10622
10624
10626
10627
10628
10631
10632
10633
10634
10637
10638
10639
10640
10643
10644
10645
10646
10648
10650
10651
10652
10654
10656
10657
10658
10661
10662
10663
10664
10667
10668
10669
10670
10673
10674
10675
10676
10679
10680
10681
10682
10684
10686
10687
10688
10690
10692
10693
10694
10697
10698
10699
10700
10703
10704
10705
10706
10709
10710
10711
10712
10715
10716
10717
10718
10720
10722
10723
10724
10727
10728
10729
10730
10733
10734
10735
10736
10738
10740
10741
10742
10745
10746
10747
10748
10751
10752
10753
10754
10756
10758
10759
10760
10763
10764
10765
10766
10769
10770
10771
10772
10774
10776
10777
10778
10781
10782
10783
10784
10787
10788
10789
10790
10792
10794
10795
10796
10799
10800
10801
10802
10804
10806
10807
10808
10811
10812
10813
10814
10817
10818
10819
10820
10822
10824
10825
10826
10829
10830
10831
10832
10834
10836
10837
10838
10841
10842
10843
10844
10847
10848
10849
10850
10852
10854
10855
10856
10859
10860
10861
10862
10865
10866
10867
10868
10870
10872
10873
10874
10877
10878
10879
10880
10883
10884
10885
10886
10889
10890
10891
10892
10895
10896
10897
10898
10900
10902
10903
10904
10907
10908
10909
10910
10913
10914
10915
10916
10918
10920
10921
10922
10925
10926
10927
10928
10931
10932
10933
10934
10936
10938
10939
10940
10943
10944
10945
10946
10948
10950
10951
10952
10955
10956
10957
10958
10961
10962
10963
10964
10966
10968
10969
10970
10973
10974
10975
10976
10979
10980
10981
10982
10984
10986
10987
10988
10991
10992
10993
10994
10996
10998
10999
11000
11003
11004
11005
11006
11009
11010
11011
11012
11014
11016
11017
11018
11021
11022
11023
11024
11027
11028
11029
11030
11032
11034
11035
11036
11039
11040
11041
11042
11045
11046
11047
11048
11050
11052
11053
11054
11057
11058
11059
11060
11063
11064
11065
11066
11069
11070
11071
11072
11075
11076
11077
11078
11080
11082
11083
11084
11087
11088
11089
11090
11093
11094
11095
11096
11098
11100
11101
11102
11104
11106
11107
11108
11111
11112
11113
11114
11117
11118
11119
11120
11123
11124
11125
11126
11129
11130
11131
11132
11134
11136
11137
11138
11141
11142
11143
11144
11147
11148
11149
11150
11152
11154
11155
11156
11158
11160
11161
11162
11165
11166
11167
11168
11171
11172
11173
11174
11177
11178
11179
11180
11183
11184
11185
11186
11188
11190
11191
11192
11195
11196
11197
11198
11201
11202
11203
11204
11206
11208
11209
11210
11212
11214
11215
11216
11219
11220
11221
11222
11225
11226
11227
11228
11230
11232
11233
11234
11237
11238
11239
11240
11243
11244
11245
11246
11249
11250
11251
11252
11255
11256
11257
11258
11260
11262
11263
11264
11267
11268
11269
11270
11273
11274
11275
11276
11278
11280
11281
11282
11285
11286
11287
11288
11291
11292
11293
11294
11296
11298
11299
11300
11303
11304
11305
11306
11309
11310
11311
11312
11314
11316
11317
11318
11321
11322
11323
11324
11327
11328
11329
11330
11332
11334
11335
11336
11339
11340
11341
11342
11344
11346
11347
11348
11351
11352
11353
11354
11356
11358
11359
11360
11363
11364
11365
11366
11369
11370
11371
11372
11375
11376
11377
11378
11381
11382
11383
11384
11386
11388
11389
11390
11393
11394
11395
11396
11399
11400
11401
11402
11404
11406
11407
11408
11410
11412
11413
11414
11417
11418
11419
11420
11423
11424
11425
11426
11428
11430
11431
11432
11435
11436
11437
11438
11441
11442
11443
11444
11447
11448
11449
11450
11452
11454
11455
11456
11459
11460
11461
11462
11465
11466
11467
11468
11470
11472
11473
11474
11477
11478
11479
11480
11483
11484
11485
11486
11488
11490
11491
11492
11495
11496
11497
11498
11501
11502
11503
11504
11507
11508
11509
11510
11512
11514
11515
11516
11519
11520
11521
11522
11524
11526
11527
11528
11531
11532
11533
11534
11537
11538
11539
11540
11542
11544
11545
11546
11549
11550
11551
11552
11555
11556
11557
11558
11560
11562
11563
11564
11567
11568
11569
11570
11573
11574
11575
11576
11579
11580
11581
11582
11584
11586
11587
11588
11590
11592
11593
11594
11597
11598
11599
11600
11603
11604
11605
11606
11608
11610
11611
11612
11615
11616
11617
11618
11621
11622
11623
11624
11627
11628
11629
11630
11633
11634
11635
11636
11638
11640
11641
11642
11644
11646
11647
11648
11651
11652
11653
11654
11657
11658
11659
11660
11663
11664
11665
11666
11669
11670
11671
11672
11674
11676
11677
11678
11680
11682
11683
11684
11687
11688
11689
11690
11693
11694
11695
11696
11699
11700
11701
11702
11704
11706
11707
11708
11711
11712
11713
11714
11716
11718
11719
11720
11723
11724
11725
11726
11729
11730
11731
11732
11735
11736
11737
11738
11740
11742
11743
11744
11747
11748
11749
11750
11753
11754
11755
11756
11758
11760
11761
11762
11765
11766
11767
11768
11771
11772
11773
11774
11776
11778
11779
11780
11783
11784
11785
11786
11788
11790
11791
11792
11795
11796
11797
11798
11801
11802
11803
11804
11806
11808
11809
11810
11813
11814
11815
11816
11819
11820
11821
11822
11824
11826
11827
11828
11831
11832
11833
11834
11837
11838
11839
11840
11843
11844
11845
11846
11848
11850
11851
11852
11855
11856
11857
11858
11861
11862
11863
11864
11867
11868
11869
11870
11872
11874
11875
11876
11879
11880
11881
11882
11884
11886
11887
11888
11891
11892
11893
11894
11897
11898
11899
11900
11902
11904
11905
11906
11909
11910
11911
11912
11915
11916
11917
11918
11921
11922
11923
11924
11926
11928
11929
11930
11933
11934
11935
11936
11938
11940
11941
11942
11945
11946
11947
11948
11951
11952
11953
11954
11956
11958
11959
11960
11963
11964
11965
11966
11969
11970
11971
11972
11975
11976
11977
11978
11980
11982
11983
11984
11987
11988
11989
11990
11993
11994
11995
11996
11998
12000
12001
12002
12004
12006
12007
12008
12011
12012
12013
12014
12017
12018
12019
12020
12022
12024
12025
12026
12029
12030
12031
12032
12035
12036
12037
12038
12040
12042
12043
12044
12047
12048
12049
12050
12053
12054
12055
12056
12058
12060
12061
12062
12065
12066
12067
12068
12071
12072
12073
12074
12076
12078
12079
12080
12083
12084
12085
12086
12089
12090
12091
12092
12095
12096
12097
12098
12101
12102
12103
12104
12106
12108
12109
12110
12113
12114
12115
12116
12119
12120
12121
12122
12124
12126
12127
12128
12131
12132
12133
12134
12136
12138
12139
12140
12143
12144
12145
12146
12149
12150
12151
12152
12154
12156
12157
12158
12161
12162
12163
12164
12166
12168
12169
12170
12173
12174
12175
12176
12179
12180
12181
12182
12185
12186
12187
12188
12190
12192
12193
12194
12197
12198
12199
12200
12202
12204
12205
12206
12209
12210
12211
12212
12215
12216
12217
12218
12221
12222
12223
12224
12227
12228
12229
12230
12232
12234
12235
12236
12239
12240
12241
12242
12244
12246
12247
12248
12251
12252
12253
12254
12256
12258
12259
12260
12263
12264
12265
12266
12269
12270
12271
12272
12274
12276
12277
12278
12281
12282
12283
12284
12287
12288
12289
12290
12293
12294
12295
12296
12298
12300
12301
12302
12305
12306
12307
12308
12311
12312
12313
12314
12317
12318
12319
12320
12322
12324
12325
12326
12329
12330
12331
12332
12335
12336
12337
12338
12340
12342
12343
12344
12346
12348
12349
12350
12353
12354
12355
12356
12359
12360
12361
12362
12365
12366
12367
12368
12370
12372
12373
12374
12377
12378
12379
12380
12383
12384
12385
12386
12388
12390
12391
12392
12395
12396
12397
12398
12401
12402
12403
12404
12406
12408
12409
12410
12413
12414
12415
12416
12419
12420
12421
12422
12425
12426
12427
12428
12430
12432
12433
12434
12437
12438
12439
12440
12443
12444
12445
12446
12448
12450
12451
12452
12455
12456
12457
12458
12460
12462
12463
12464
12467
12468
12469
12470
12472
12474
12475
12476
12479
12480
12481
12482
12485
12486
12487
12488
12490
12492
12493
12494
12497
12498
12499
12500
12503
12504
12505
12506
12508
12510
12511
12512
12515
12516
12517
12518
12521
12522
12523
12524
12527
12528
12529
12530
12532
12534
12535
12536
12539
12540
12541
12542
12545
12546
12547
12548
12551
12552
12553
12554
12556
12558
12559
12560
12563
12564
12565
12566
12568
12570
12571
12572
12575
12576
12577
12578
12581
12582
12583
12584
12586
12588
12589
12590
12593
12594
12595
12596
12599
12600
12601
12602
12604
12606
12607
12608
12611
12612
12613
12614
12617
12618
12619
12620
12623
12624
12625
12626
12628
12630
12631
12632
12635
12636
12637
12638
12641
12642
12643
12644
12646
12648
12649
12650
12653
12654
12655
12656
12659
12660
12661
12662
12664
12666
12667
12668
12671
12672
12673
12674
12676
12678
12679
12680
12683
12684
12685
12686
12689
12690
12691
12692
12695
12696
12697
12698
12700
12702
12703
12704
12707
12708
12709
12710
12713
12714
12715
12716
12718
12720
12721
12722
12724
12726
12727
12728
12731
12732
12733
12734
12737
12738
12739
12740
12743
12744
12745
12746
12749
12750
12751
12752
12754
12756
12757
12758
12761
12762
12763
12764
12767
12768
12769
12770
12772
12774
12775
12776
12778
12780
12781
12782
12785
12786
12787
12788
12791
12792
12793
12794
12796
12798
12799
12800
12803
12804
12805
12806
12809
12810
12811
12812
12815
12816
12817
12818
12820
12822
12823
12824
12827
12828
12829
12830
12833
12834
12835
12836
12838
12840
12841
12842
12845
12846
12847
12848
12851
12852
12853
12854
12857
12858
12859
12860
12862
12864
12865
12866
12868
12870
12871
12872
12875
12876
12877
12878
12881
12882
12883
12884
12887
12888
12889
12890
12893
12894
12895
12896
12898
12900
12901
12902
12905
12906
12907
12908
12911
12912
12913
12914
12916
12918
12919
12920
12923
12924
12925
12926
12929
12930
12931
12932
12934
12936
12937
12938
12940
12942
12943
12944
12947
12948
12949
12950
12953
12954
12955
12956
12958
12960
12961
12962
12965
12966
12967
12968
12971
12972
12973
12974
12977
12978
12979
12980
12982
12984
12985
12986
12989
12990
12991
12992
12995
12996
12997
12998
13001
13002
13003
13004
13006
13008
13009
13010
13013
13014
13015
13016
13019
13020
13021
13022
13024
13026
13027
13028
13031
13032
13033
13034
13037
13038
13039
13040
13042
13044
13045
13046
13049
13050
13051
13052
13054
13056
13057
13058
13061
13062
13063
13064
13067
13068
13069
13070
13072
13074
13075
13076
13079
13080
13081
13082
13085
13086
13087
13088
13091
13092
13093
13094
13096
13098
13099
13100
13103
13104
13105
13106
13109
13110
13111
13112
13114
13116
13117
13118
13121
13122
13123
13124
13126
13128
13129
13130
13133
13134
13135
13136
13139
13140
13141
13142
13145
13146
13147
13148
13150
13152
13153
13154
13156
13158
13159
13160
13163
13164
13165
13166
13169
13170
13171
13172
13175
13176
13177
13178
13181
13182
13183
13184
13186
13188
13189
13190
13193
13194
13195
13196
13198
13200
13201
13202
13205
13206
13207
13208
13211
13212
13213
13214
13217
13218
13219
13220
13222
13224
13225
13226
13228
13230
13231
13232
13235
13236
13237
13238
13241
13242
13243
13244
13247
13248
13249
13250
13252
13254
13255
13256
13259
13260
13261
13262
13265
13266
13267
13268
13270
13272
13273
13274
13277
13278
13279
13280
13283
13284
13285
13286
13289
13290
13291
13292
13294
13296
13297
13298
13301
13302
13303
13304
13306
13308
13309
13310
13313
13314
13315
13316
13319
13320
13321
13322
13324
13326
13327
13328
13331
13332
13333
13334
13336
13338
13339
13340
13343
13344
13345
13346
13349
13350
13351
13352
13354
13356
13357
13358
13361
13362
13363
13364
13367
13368
13369
13370
13372
13374
13375
13376
13379
13380
13381
13382
13385
13386
13387
13388
13390
13392
13393
13394
13397
13398
13399
13400
13403
13404
13405
13406
13409
13410
13411
13412
13415
13416
13417
13418
13420
13422
13423
13424
13427
13428
13429
13430
13433
13434
13435
13436
13438
13440
13441
13442
13445
13446
13447
13448
13450
13452
13453
13454
13457
13458
13459
13460
13463
13464
13465
13466
13468
13470
13471
13472
13475
13476
13477
13478
13480
13482
13483
13484
13487
13488
13489
13490
13493
13494
13495
13496
13499
13500
13501
13502
13504
13506
13507
13508
13511
13512
13513
13514
13517
13518
13519
13520
13522
13524
13525
13526
13529
13530
13531
13532
13534
13536
13537
13538
13541
13542
13543
13544
13547
13548
13549
13550
13552
13554
13555
13556
13559
13560
13561
13562
13565
13566
13567
13568
13571
13572
13573
13574
13577
13578
13579
13580
13582
13584
13585
13586
13589
13590
13591
13592
13594
13596
13597
13598
13601
13602
13603
13604
13607
13608
13609
13610
13613
13614
13615
13616
13618
13620
13621
13622
13625
13626
13627
13628
13630
13632
13633
13634
13637
13638
13639
13640
13643
13644
13645
13646
13648
13650
13651
13652
13655
13656
13657
13658
13661
13662
13663
13664
13666
13668
13669
13670
13673
13674
13675
13676
13679
13680
13681
13682
13684
13686
13687
13688
13691
13692
13693
13694
13697
13698
13699
13700
13703
13704
13705
13706
13708
13710
13711
13712
13715
13716
13717
13718
13721
13722
13723
13724
13726
13728
13729
13730
13733
13734
13735
13736
13739
13740
13741
13742
13744
13746
13747
13748
13751
13752
13753
13754
13756
13758
13759
13760
13763
13764
13765
13766
13769
13770
13771
13772
13775
13776
13777
13778
13780
13782
13783
13784
13787
13788
13789
13790
13792
13794
13795
13796
13799
13800
13801
13802
13805
13806
13807
13808
13810
13812
13813
13814
13817
13818
13819
13820
13823
13824
13825
13826
13828
13830
13831
13832
13835
13836
13837
13838
13841
13842
13843
13844
13846
13848
13849
13850
13853
13854
13855
13856
13859
13860
13861
13862
13864
13866
13867
13868
13871
13872
13873
13874
13877
13878
13879
13880
13882
13884
13885
13886
13889
13890
13891
13892
13894
13896
13897
13898
13901
13902
13903
13904
13907
13908
13909
13910
13913
13914
13915
13916
13919
13920
13921
13922
13924
13926
13927
13928
13931
13932
13933
13934
13936
13938
13939
13940
13943
13944
13945
13946
13949
13950
13951
13952
13955
13956
13957
13958
13960
13962
13963
13964
13967
13968
13969
13970
13972
13974
13975
13976
13979
13980
13981
13982
13985
13986
13987
13988
13991
13992
13993
13994
13996
13998
13999
14000
14003
14004
14005
14006
14008
14010
14011
14012
14015
14016
14017
14018
14021
14022
14023
14024
14026
14028
14029
14030
14033
14034
14035
14036
14039
14040
14041
14042
14044
14046
14047
14048
14051
14052
14053
14054
14056
14058
14059
14060
14063
14064
14065
14066
14069
14070
14071
14072
14075
14076
14077
14078
14081
14082
14083
14084
14086
14088
14089
14090
14093
14094
14095
14096
14099
14100
14101
14102
14104
14106
14107
14108
14110
14112
14113
14114
14117
14118
14119
14120
14123
14124
14125
14126
14129
14130
14131
14132
14135
14136
14137
14138
14140
14142
14143
14144
14147
14148
14149
14150
14153
14154
14155
14156
14158
14160
14161
14162
14165
14166
14167
14168
14171
14172
14173
14174
14176
14178
14179
14180
14183
14184
14185
14186
14189
14190
14191
14192
14194
14196
14197
14198
14201
14202
14203
14204
14207
14208
14209
14210
14212
14214
14215
14216
14219
14220
14221
14222
14224
14226
14227
14228
14231
14232
14233
14234
14237
14238
14239
14240
14243
14244
14245
14246
14248
14250
14251
14252
14255
14256
14257
14258
14260
14262
14263
14264
14267
14268
14269
14270
14273
14274
14275
14276
14279
14280
14281
14282
14284
14286
14287
14288
14291
14292
14293
14294
14296
14298
14299
14300
14303
14304
14305
14306
14309
14310
14311
14312
14315
14316
14317
14318
14320
14322
14323
14324
14326
14328
14329
14330
14333
14334
14335
14336
14339
14340
14341
14342
14344
14346
14347
14348
14351
14352
14353
14354
14357
14358
14359
14360
14363
14364
14365
14366
14368
14370
14371
14372
14375
14376
14377
14378
14380
14382
14383
14384
14387
14388
14389
14390
14393
14394
14395
14396
14398
14400
14401
14402
14405
14406
14407
14408
14411
14412
14413
14414
14417
14418
14419
14420
14422
14424
14425
14426
14429
14430
14431
14432
14434
14436
14437
14438
14441
14442
14443
14444
14447
14448
14449
14450
14452
14454
14455
14456
14459
14460
14461
14462
14465
14466
14467
14468
14471
14472
14473
14474
14477
14478
14479
14480
14482
14484
14485
14486
14489
14490
14491
14492
14494
14496
14497
14498
14501
14502
14503
14504
14507
14508
14509
14510
14513
14514
14515
14516
14518
14520
14521
14522
14524
14526
14527
14528
14531
14532
14533
14534
14537
14538
14539
14540
14543
14544
14545
14546
14548
14550
14551
14552
14555
14556
14557
14558
14561
14562
14563
14564
14567
14568
14569
14570
14572
14574
14575
14576
14579
14580
14581
14582
14585
14586
14587
14588
14590
14592
14593
14594
14597
14598
14599
14600
14603
14604
14605
14606
14608
14610
14611
14612
14615
14616
14617
14618
14620
14622
14623
14624
14627
14628
14629
14630
14633
14634
14635
14636
14638
14640
14641
14642
14645
14646
14647
14648
14651
14652
14653
14654
14656
14658
14659
14660
14663
14664
14665
14666
14669
14670
14671
14672
14675
14676
14677
14678
14680
14682
14683
14684
14687
14688
14689
14690
14693
14694
14695
14696
14698
14700
14701
14702
14705
14706
14707
14708
14710
14712
14713
14714
14717
14718
14719
14720
14723
14724
14725
14726
14729
14730
14731
14732
14734
14736
14737
14738
14741
14742
14743
14744
14747
14748
14749
14750
14752
14754
14755
14756
14759
14760
14761
14762
14765
14766
14767
14768
14770
14772
14773
14774
14777
14778
14779
14780
14783
14784
14785
14786
14788
14790
14791
14792
14794
14796
14797
14798
14801
14802
14803
14804
14807
14808
14809
14810
14813
14814
14815
14816
14818
14820
14821
14822
14825
14826
14827
14828
14831
14832
14833
14834
14836
14838
14839
14840
14843
14844
14845
14846
14849
14850
14851
14852
14854
14856
14857
14858
14861
14862
14863
14864
14867
14868
14869
14870
14872
14874
14875
14876
14879
14880
14881
14882
14885
14886
14887
14888
14891
14892
14893
14894
14896
14898
14899
14900
14903
14904
14905
14906
14909
14910
14911
14912
14914
14916
14917
14918
14920
14922
14923
14924
14927
14928
14929
14930
14933
14934
14935
14936
14939
14940
14941
14942
14944
14946
14947
14948
14951
14952
14953
14954
14957
14958
14959
14960
14963
14964
14965
14966
14968
14970
14971
14972
14975
14976
14977
14978
14980
14982
14983
14984
14987
14988
14989
14990
14993
14994
14995
14996
14998
15000
15001
15002
15005
15006
15007
15008
15010
15012
15013
15014
15017
15018
15019
15020
15023
15024
15025
15026
15029
15030
15031
15032
15034
15036
15037
15038
15041
15042
15043
15044
15046
15048
15049
15050
15053
15054
15055
15056
15059
15060
15061
15062
15064
15066
15067
15068
15071
15072
15073
15074
15077
15078
15079
15080
15082
15084
15085
15086
15089
15090
15091
15092
15095
15096
15097
15098
15101
15102
15103
15104
15106
15108
15109
15110
15113
15114
15115
15116
15119
15120
15121
15122
15124
15126
15127
15128
15131
15132
15133
15134
15136
15138
15139
15140
15143
15144
15145
15146
15149
15150
15151
15152
15155
15156
15157
15158
15161
15162
15163
15164
15166
15168
15169
15170
15172
15174
15175
15176
15179
15180
15181
15182
15185
15186
15187
15188
15190
15192
15193
15194
15197
15198
15199
15200
15203
15204
15205
15206
15209
15210
15211
15212
15214
15216
15217
15218
15221
15222
15223
15224
15227
15228
15229
15230
15233
15234
15235
15236
15238
15240
15241
15242
15244
15246
15247
15248
15251
15252
15253
15254
15257
15258
15259
15260
15262
15264
15265
15266
15269
15270
15271
15272
15275
15276
15277
15278
15280
15282
15283
15284
15287
15288
15289
15290
15293
15294
15295
15296
15299
15300
15301
15302
15305
15306
15307
15308
15310
15312
15313
15314
15317
15318
15319
15320
15323
15324
15325
15326
15328
15330
15331
15332
15335
15336
15337
15338
15341
15342
15343
15344
15346
15348
15349
15350
15352
15354
15355
15356
15359
15360
15361
15362
15365
15366
15367
15368
15371
15372
15373
15374
15376
15378
15379
15380
15383
15384
15385
15386
15389
15390
15391
15392
15395
15396
15397
15398
15400
15402
15403
15404
15406
15408
15409
15410
15413
15414
15415
15416
15419
15420
15421
15422
15424
15426
15427
15428
15431
15432
15433
15434
15437
15438
15439
15440
15442
15444
15445
15446
15449
15450
15451
15452
15455
15456
15457
15458
15460
15461
15464
15465
15467
15468
15470
15471
15472
15474
15475
15476
15478
15480
15481
15483
15484
15486
15488
15489
15490
15492
15494
15495
15496
15497
15499
15501
15503
15504
15506
15507
15509
15510
15511
15512
15514
15516
15517
15519
15520
15521
15523
15524
15526
15527
15529
15530
15533
15534
15535
15537
15538
15540
15541
15542
15545
15546
15548
15549
15550
15551
15553
15554
15557
15558
15559
15560
15563
15564
15565
15566
15568
15569
15571
15573
15575
15576
15578
15579
15580
15582
15583
15585
15586
15588
15589
15591
15592
15593
15595
15596
15598
15599
15601
15603
15604
15605
15608
15609
15610
15612
15614
15615
15616
15617
15619
15621
15623
15624
15625
15626
15628
15630
15631
15633
15634
15636
15638
15639
15640
15642
15644
15645
15646
15648
15649
15651
15652
15654
15655
15657
15658
15659
15662
15663
15664
15666
15667
15669
15670
15671
15673
15674
15676
15677
15680
15681
15683
15684
15685
15686
15688
15690
15691
15693
15695
15696
15697
15698
15701
15702
15703
15705
15707
15708
15709
15710
15713
15714
15715
15717
15719
15720
15721
15722
15725
15726
15728
15729
15730
15732
15733
15735
15736
15737
15739
15741
15742
15744
15745
15746
15749
15750
15752
15753
15754
15755
15758
15759
15760
15762
15764
15765
15767
15768
15769
15771
15772
15773
15776
15777
15778
15779
15781
15782
15785
15786
15787
15788
15790
15791
15793
15795
15797
15798
15800
15801
15803
15804
15805
15807
15809
15810
15811
15813
15814
15815
15817
15818
15821
15822
15823
15824
15826
15828
15830
15831
15832
15834
15836
15837
15839
15840
15841
15842
15845
15846
15847
15848
15850
15852
15854
15855
15857
15858
15860
15861
15862
15863
15866
15867
15868
15869
15871
15873
15875
15876
15877
15879
15880
15881
15884
15885
15886
15887
15889
15891
15893
15894
15895
15897
15898
15900
15901
15902
15904
15905
15908
15909
15910
15911
15913
15915
15916
15918
15919
15920
15923
15924
15925
15926
15928
15929
15931
15933
15934
15935
15937
15938
15940
15942
15943
15944
15947
15948
15949
15950
15953
15954
15955
15956
15958
15960
15961
15962
15964
15966
15967
15968
15970
15972
15973
15975
15976
15978
15980
15981
15983
15984
15985
15987
15988
15989
15991
15993
15994
15996
15998
15999
16000
16001
16004
16005
16006
16007
16009
16011
16012
16013
16015
16016
16018
16020
16021
16023
16024
16025
16028
16029
16030
16031
16033
16034
16036
16037
16039
16041
16042
16044
16046
16047
16048
16049
16051
16053
16054
16056
16058
16059
16060
16061
16063
16064
16066
16067
16069
16070
16072
16073
16075
16076
16078
16079
16081
16082
16084
16085
16087
16088
16090
16091
16093
16094
16096
16097
16099
16100
16102
16103
16105
16106
16108
16109
16111
16112
16114
16115
16117
16118
16120
16121
16123
16124
16126
16127
16129
16130
16132
16133
16135
16136
16138
16139
16141
16142
16144
16145
16147
16148
16150
16151
16153
16154
16156
16157
16159
16160
16162
16163
16165
16166
16168
16169
16171
16172
16174
16175
16177
16178
16180
16181
16183
16184
16186
16187
16189
16190
16192
16193
16195
16196
16198
16199
16201
16202
16204
16205
16207
16208
16210
16211
16213
16214
16216
16217
16219
16220
16222
16223
16225
16226
16228
16229
16231
16232
16234
16235
16237
16238
16240
16241
16243
16244
16246
16247
16249
16250
16252
16253
16255
16256
16258
16259
16261
16262
16264
16265
16267
16268
16270
16271
16273
16274
16276
16277
16279
16280
16282
16283
16285
16286
16288
16289
16291
16292
16294
16295
16297
16298
16300
16301
16303
16304
16306
16307
16309
16310
16312
16313
16315
16316
16318
16319
16321
16322
16324
16325
16327
16328
16330
16331
16333
16334
16336
16337
16339
16340
16342
16343
16345
16346
16348
16349
16351
16352
16354
16355
16357
16358
16360
16361
16363
16364
16366
16367
16369
16370
16372
16373
16375
16376
16378
16379
16381
16382
16384
16385
16387
16388
16390
16391
16393
16394
16396
16397
16399
16400
16402
16403
16405
16406
16408
16409
16411
16412
16414
16415
16417
16418
16420
16421
16423
16424
16426
16427
16429
16430
16432
16433
16435
16436
16438
16439
16441
16442
16444
16445
16447
16448
16450
16451
16453
16454
16456
16457
16459
16460
16462
16463
16465
16466
16468
16469
16471
16472
16474
16475
16477
16478
16480
16481
16483
16484
16486
16487
16489
16490
16492
16493
16495
16496
16498
16499
16501
16502
16504
16505
16507
16508
16510
16511
16513
16514
16516
16517
16519
16520
16522
16523
16525
16526
16528
16529
16531
16532
16534
16535
16537
16538
16540
16541
16543
16544
16546
16547
16549
16550
16552
16553
16555
16556
16558
16559
16561
16562
16564
16565
16567
16568
16570
16571
16573
16574
16576
16577
16579
16580
16582
16583
16585
16586
16588
16589
16591
16592
16594
16595
16597
16598
16600
16601
16603
16604
16606
16607
16609
16610
16612
16613
16615
16616
16618
16619
16621
16622
16624
16625
16627
16628
16630
16631
16633
16634
16636
16637
16639
16640
16642
16643
16645
16646
16648
16649
16651
16652
16654
16655
16657
16658
