c 13590 vertices
c 21240 edges
c 21240 edges after de-duplication
c COMPONENT 435
c incumbent from local search 116
c incumbent from local search 118
c incumbent from local search 119
c incumbent from local search 121
c incumbent from local search 122
c incumbent from local search 123
c incumbent from local search 125
c incumbent from local search 126
c incumbent from local search 127
c incumbent from local search 128
c incumbent from local search 129
c incumbent from local search 130
c incumbent from local search 131
c incumbent from local search 132
c incumbent from local search 133
c incumbent from local search 134
c incumbent from local search 136
c incumbent from local search 137
c incumbent from local search 138
c incumbent from local search 139
c incumbent from local search 140
c incumbent from local search 141
c incumbent from local search 142
c incumbent from local search 143
c incumbent from local search 144
c incumbent from local search 145
s vc 13590 8400
2
5
8
11
14
18
21
22
25
28
31
34
37
40
45
47
51
53
55
58
62
66
67
72
74
78
79
83
86
90
92
94
98
100
105
108
111
114
117
120
121
125
128
130
133
136
140
142
146
148
152
156
158
161
163
168
169
173
175
178
181
184
189
192
193
197
199
204
205
210
212
216
219
222
225
227
229
233
235
239
242
246
247
251
255
257
261
264
266
270
271
275
278
281
284
286
290
294
297
300
301
306
308
312
313
317
321
324
326
330
331
336
337
341
345
348
351
352
356
360
361
364
367
371
373
377
380
383
386
390
393
396
399
400
404
408
409
413
416
418
422
426
429
431
434
438
440
444
445
448
453
456
459
462
465
468
471
474
477
480
483
486
489
492
495
498
501
504
507
510
513
516
519
522
525
528
531
534
537
540
543
546
549
552
555
558
561
564
567
570
573
576
579
582
585
588
591
594
597
600
603
606
609
612
615
618
621
624
627
630
633
636
639
642
645
648
651
654
657
660
663
666
669
672
675
678
681
684
687
690
693
696
699
702
705
708
711
714
717
720
723
726
729
732
735
738
741
744
747
750
753
756
759
762
765
768
771
774
777
780
783
786
789
792
795
798
801
804
807
810
813
816
819
822
825
828
831
834
837
840
843
846
849
852
855
858
861
864
867
870
873
876
879
882
885
888
891
894
897
900
901
902
903
904
905
906
907
908
909
910
911
912
913
914
915
916
917
918
919
920
921
922
923
924
925
926
927
928
929
930
931
932
933
934
935
936
937
938
939
940
941
942
943
944
945
946
947
948
949
950
951
952
953
954
955
956
957
958
959
960
961
962
963
964
965
966
967
968
969
970
971
972
973
974
975
976
977
978
979
980
981
982
983
984
985
986
987
988
989
990
991
992
993
994
995
996
997
998
999
1000
1001
1002
1003
1004
1005
1006
1007
1008
1009
1010
1011
1012
1013
1014
1015
1016
1017
1018
1019
1020
1021
1022
1023
1024
1025
1026
1027
1028
1029
1030
1031
1032
1033
1034
1035
1036
1037
1038
1039
1040
1041
1042
1043
1044
1045
1046
1047
1048
1049
1050
1051
1052
1053
1054
1055
1056
1057
1058
1059
1060
1061
1062
1063
1064
1065
1066
1067
1068
1069
1070
1071
1072
1073
1074
1075
1076
1077
1078
1079
1080
1081
1082
1083
1084
1085
1086
1087
1088
1089
1090
1091
1092
1093
1094
1095
1096
1097
1098
1099
1100
1101
1102
1103
1104
1105
1106
1107
1108
1109
1110
1111
1112
1113
1114
1115
1116
1117
1118
1119
1120
1121
1122
1123
1124
1125
1126
1127
1128
1129
1130
1131
1132
1133
1134
1135
1136
1137
1138
1139
1140
1141
1142
1143
1144
1145
1146
1147
1148
1149
1150
1151
1152
1153
1154
1155
1156
1157
1158
1159
1160
1161
1162
1163
1164
1165
1166
1167
1168
1169
1170
1171
1172
1173
1174
1175
1176
1177
1178
1179
1180
1181
1182
1183
1184
1185
1186
1187
1188
1189
1190
1191
1192
1193
1194
1195
1196
1197
1198
1199
1200
1201
1202
1203
1204
1205
1206
1207
1208
1209
1210
1211
1212
1213
1214
1215
1216
1217
1218
1219
1220
1221
1222
1223
1224
1225
1226
1227
1228
1229
1230
1231
1232
1233
1234
1235
1236
1237
1238
1239
1240
1241
1242
1243
1244
1245
1246
1247
1248
1249
1250
1251
1252
1253
1254
1255
1256
1257
1258
1259
1260
1261
1262
1263
1264
1265
1266
1267
1268
1269
1270
1271
1272
1273
1274
1275
1276
1277
1278
1279
1280
1281
1282
1283
1284
1285
1286
1287
1288
1289
1290
1291
1292
1293
1294
1295
1296
1297
1298
1299
1300
1301
1302
1303
1304
1305
1306
1307
1308
1309
1310
1311
1312
1313
1314
1315
1316
1317
1318
1319
1320
1321
1322
1323
1324
1325
1326
1327
1328
1329
1330
1331
1332
1333
1334
1335
1336
1337
1338
1339
1340
1341
1342
1343
1344
1345
1346
1347
1348
1349
1350
1351
1352
1353
1354
1355
1356
1357
1358
1359
1360
1361
1362
1363
1364
1365
1366
1367
1368
1369
1370
1371
1372
1373
1374
1375
1376
1377
1378
1379
1380
1381
1382
1383
1384
1385
1386
1387
1388
1389
1390
1391
1392
1393
1394
1395
1396
1397
1398
1399
1400
1401
1402
1403
1404
1405
1406
1407
1408
1409
1410
1411
1412
1413
1414
1415
1416
1417
1418
1419
1420
1421
1422
1423
1424
1425
1426
1427
1428
1429
1430
1431
1432
1433
1434
1435
1436
1437
1438
1439
1440
1441
1442
1443
1444
1445
1446
1447
1448
1449
1450
1451
1452
1453
1454
1455
1456
1457
1458
1459
1460
1461
1462
1463
1464
1465
1466
1467
1468
1469
1470
1471
1472
1473
1474
1475
1476
1477
1478
1479
1480
1481
1482
1483
1484
1485
1486
1487
1488
1489
1490
1491
1492
1493
1494
1495
1496
1497
1498
1499
1500
1501
1502
1503
1504
1505
1506
1507
1508
1509
1510
1511
1512
1513
1514
1515
1516
1517
1518
1519
1520
1521
1522
1523
1524
1525
1526
1527
1528
1529
1530
1531
1532
1533
1534
1535
1536
1537
1538
1539
1540
1541
1542
1543
1544
1545
1546
1547
1548
1549
1550
1551
1552
1553
1554
1555
1556
1557
1558
1559
1560
1561
1562
1563
1564
1565
1566
1567
1568
1569
1570
1571
1572
1573
1574
1575
1576
1577
1578
1579
1580
1581
1582
1583
1584
1585
1586
1587
1588
1589
1590
1591
1592
1593
1594
1595
1596
1597
1598
1599
1600
1601
1602
1603
1604
1605
1606
1607
1608
1609
1610
1611
1612
1613
1614
1615
1616
1617
1618
1619
1620
1621
1622
1623
1624
1625
1626
1627
1628
1629
1630
1631
1632
1633
1634
1635
1636
1637
1638
1639
1640
1641
1642
1643
1644
1645
1646
1647
1648
1649
1650
1651
1652
1653
1654
1655
1656
1657
1658
1659
1660
1661
1662
1663
1664
1665
1666
1667
1668
1669
1670
1671
1672
1673
1674
1675
1676
1677
1678
1679
1680
1681
1682
1683
1684
1685
1686
1687
1688
1689
1690
1691
1692
1693
1694
1695
1696
1697
1698
1699
1700
1701
1702
1703
1704
1705
1706
1707
1708
1709
1710
1711
1712
1713
1714
1715
1716
1717
1718
1719
1720
1721
1722
1723
1724
1725
1726
1727
1728
1729
1730
1731
1732
1733
1734
1735
1736
1737
1738
1739
1740
1741
1742
1743
1744
1745
1746
1747
1748
1749
1750
1751
1752
1753
1754
1755
1756
1757
1758
1759
1760
1761
1762
1763
1764
1765
1766
1767
1768
1769
1770
1771
1772
1773
1774
1775
1776
1777
1778
1779
1780
1781
1782
1783
1784
1785
1786
1787
1788
1789
1790
1791
1792
1793
1794
1795
1796
1797
1798
1799
1800
1801
1802
1803
1804
1805
1806
1807
1808
1809
1810
1811
1812
1813
1814
1815
1816
1817
1818
1819
1820
1821
1822
1823
1824
1825
1826
1827
1828
1829
1830
1831
1832
1833
1834
1835
1836
1837
1838
1839
1840
1841
1842
1843
1844
1845
1846
1847
1848
1849
1850
1851
1852
1853
1854
1855
1856
1857
1858
1859
1860
1861
1862
1863
1864
1865
1866
1867
1868
1869
1870
1871
1872
1873
1874
1875
1876
1877
1878
1879
1880
1881
1882
1883
1884
1885
1886
1887
1888
1889
1890
1891
1892
1893
1894
1895
1896
1897
1898
1899
1900
1901
1902
1903
1904
1905
1906
1907
1908
1909
1910
1911
1912
1913
1914
1915
1916
1917
1918
1919
1920
1921
1922
1923
1924
1925
1926
1927
1928
1929
1930
1931
1932
1933
1934
1935
1936
1937
1938
1939
1940
1941
1942
1943
1944
1945
1946
1947
1948
1949
1950
1951
1952
1953
1954
1955
1956
1957
1958
1959
1960
1961
1962
1963
1964
1965
1966
1967
1968
1969
1970
1971
1972
1973
1974
1975
1976
1977
1978
1979
1980
1982
1983
1985
1986
1987
1989
1991
1992
1993
1995
1996
1997
1999
2001
2003
2004
2006
2007
2008
2010
2012
2013
2014
2016
2017
2018
2020
2022
2024
2025
2027
2028
2029
2031
2033
2034
2035
2037
2038
2039
2041
2043
2045
2046
2048
2049
2050
2052
2054
2055
2056
2058
2059
2060
2062
2064
2066
2067
2069
2070
2071
2073
2075
2076
2077
2079
2080
2081
2083
2085
2087
2088
2089
2091
2093
2094
2096
2097
2099
2100
2101
2102
2104
2105
2108
2109
2110
2112
2114
2115
2117
2118
2120
2121
2122
2123
2125
2126
2128
2130
2131
2133
2134
2136
2137
2139
2141
2142
2143
2144
2147
2148
2149
2151
2152
2154
2155
2157
2158
2160
2162
2163
2164
2165
2168
2169
2170
2172
2173
2175
2176
2178
2179
2181
2183
2184
2185
2186
2189
2190
2191
2193
2194
2196
2197
2199
2200
2202
2204
2205
2206
2207
2210
2211
2212
2214
2215
2217
2218
2220
2221
2223
2225
2226
2227
2228
2231
2232
2233
2235
2236
2238
2239
2241
2242
2244
2246
2247
2248
2249
2252
2253
2254
2256
2257
2259
2260
2262
2263
2265
2267
2268
2269
2270
2273
2274
2276
2277
2278
2280
2282
2283
2285
2286
2288
2289
2290
2291
2293
2294
2297
2298
2300
2301
2302
2304
2306
2307
2308
2310
2311
2312
2314
2316
2318
2319
2320
2322
2324
2325
2327
2328
2330
2331
2332
2333
2335
2336
2339
2340
2342
2343
2344
2346
2348
2349
2350
2352
2353
2354
2356
2358
2359
2361
2362
2364
2365
2367
2368
2370
2372
2373
2374
2375
2378
2379
2380
2382
2383
2385
2386
2388
2389
2391
2393
2394
2395
2396
2399
2400
2402
2403
2405
2406
2407
2409
2411
2412
2413
2415
2416
2417
2419
2421
2423
2424
2425
2427
2429
2430
2432
2433
2435
2436
2437
2438
2440
2441
2443
2445
2446
2448
2449
2451
2452
2454
2456
2457
2458
2459
2462
2463
2465
2466
2467
2469
2471
2472
2474
2475
2477
2478
2479
2480
2482
2483
2486
2487
2489
2490
2491
2493
2495
2496
2497
2499
2500
2501
2503
2505
2507
2508
2509
2511
2513
2514
2516
2517
2519
2520
2521
2522
2524
2525
2527
2529
2530
2532
2533
2535
2536
2538
2540
2541
2542
2543
2546
2547
2549
2550
2552
2553
2554
2556
2558
2559
2560
2562
2563
2564
2566
2568
2570
2571
2573
2574
2575
2577
2579
2580
2581
2583
2584
2585
2587
2589
2591
2592
2593
2595
2597
2598
2600
2601
2603
2604
2605
2606
2608
2609
2612
2613
2615
2616
2617
2619
2621
2622
2623
2625
2626
2627
2629
2631
2632
2634
2635
2637
2638
2640
2641
2643
2645
2646
2647
2648
2651
2652
2654
2655
2657
2658
2659
2661
2663
2664
2665
2667
2668
2669
2671
2673
2674
2676
2677
2679
2680
2682
2683
2685
2687
2688
2689
2690
2693
2694
2696
2697
2698
2700
2702
2703
2705
2706
2708
2709
2710
2711
2713
2714
2717
2718
2719
2721
2723
2724
2726
2727
2729
2730
2731
2732
2734
2735
2738
2739
2740
2742
2744
2745
2747
2748
2750
2751
2752
2753
2755
2756
2759
2760
2761
2763
2765
2766
2768
2769
2771
2772
2773
2774
2776
2777
2780
2781
2782
2784
2786
2787
2789
2790
2792
2793
2794
2795
2797
2798
2801
2802
2803
2805
2807
2808
2810
2811
2813
2814
2815
2816
2818
2819
2821
2823
2824
2826
2827
2829
2830
2832
2834
2835
2836
2837
2840
2841
2843
2844
2846
2847
2848
2850
2852
2853
2854
2856
2857
2858
2860
2862
2864
2865
2867
2868
2869
2871
2873
2874
2875
2877
2878
2879
2881
2883
2884
2886
2887
2889
2890
2892
2893
2895
2897
2898
2899
2900
2903
2904
2905
2907
2908
2910
2911
2913
2914
2916
2918
2919
2920
2921
2924
2925
2926
2928
2929
2931
2932
2934
2935
2937
2939
2940
2941
2942
2945
2946
2948
2949
2951
2952
2953
2955
2957
2958
2959
2961
2962
2963
2965
2967
2968
2970
2971
2973
2974
2976
2977
2979
2981
2982
2983
2984
2987
2988
2990
2991
2993
2994
2995
2997
2999
3000
3001
3003
3004
3005
3007
3009
3010
3012
3013
3015
3016
3018
3019
3021
3023
3024
3025
3026
3029
3030
3032
3033
3035
3036
3037
3039
3041
3042
3043
3045
3046
3047
3049
3051
3053
3054
3055
3057
3059
3060
3062
3063
3065
3066
3067
3068
3070
3071
3074
3075
3077
3078
3079
3081
3083
3084
3085
3087
3088
3089
3091
3093
3095
3096
3098
3099
3100
3102
3104
3105
3106
3108
3109
3110
3112
3114
3115
3117
3118
3120
3121
3123
3124
3126
3128
3129
3130
3131
3134
3135
3137
3138
3139
3141
3143
3144
3146
3147
3149
3150
3151
3152
3154
3155
3157
3159
3160
3162
3163
3165
3166
3168
3170
3171
3172
3173
3176
3177
3179
3180
3182
3183
3184
3186
3188
3189
3190
3192
3193
3194
3196
3198
3199
3201
3202
3204
3205
3207
3208
3210
3212
3213
3214
3215
3218
3219
3220
3222
3223
3225
3226
3228
3229
3231
3233
3234
3235
3236
3239
3240
3241
3243
3244
3246
3247
3249
3250
3252
3254
3255
3256
3257
3260
3261
3262
3264
3265
3267
3268
3270
3271
3273
3275
3276
3277
3278
3281
3282
3284
3285
3286
3288
3290
3291
3293
3294
3296
3297
3298
3299
3301
3302
3305
3306
3307
3309
3311
3312
3314
3315
3317
3318
3319
3320
3322
3323
3325
3327
3328
3330
3331
3333
3334
3336
3338
3339
3340
3341
3344
3345
3347
3348
3350
3351
3352
3354
3356
3357
3358
3360
3361
3362
3364
3366
3367
3369
3370
3372
3373
3375
3376
3378
3380
3381
3382
3383
3386
3387
3389
3390
3391
3393
3395
3396
3398
3399
3401
3402
3403
3404
3406
3407
3409
3411
3412
3414
3415
3417
3418
3420
3422
3423
3424
3425
3428
3429
3431
3432
3433
3435
3437
3438
3440
3441
3443
3444
3445
3446
3448
3449
3452
3453
3455
3456
3457
3459
3461
3462
3463
3465
3466
3467
3469
3471
3473
3474
3475
3477
3479
3480
3482
3483
3485
3486
3487
3488
3490
3491
3494
3495
3496
3498
3500
3501
3503
3504
3506
3507
3508
3509
3511
3512
3515
3516
3517
3519
3521
3522
3524
3525
3527
3528
3529
3530
3532
3533
3536
3537
3538
3540
3542
3543
3545
3546
3548
3549
3550
3551
3553
3554
3557
3558
3560
3561
3562
3564
3566
3567
3568
3570
3571
3572
3574
3576
3577
3579
3580
3582
3583
3585
3586
3588
3590
3591
3592
3593
3596
3597
3599
3600
3602
3603
3604
3606
3608
3609
3610
3612
3613
3614
3616
3618
3619
3621
3622
3624
3625
3627
3628
3630
3632
3633
3634
3635
3638
3639
3641
3642
3644
3645
3646
3648
3650
3651
3652
3654
3655
3656
3658
3660
3662
3663
3665
3666
3667
3669
3671
3672
3673
3675
3676
3677
3679
3681
3683
3684
3685
3687
3689
3690
3692
3693
3695
3696
3697
3698
3700
3701
3703
3705
3706
3708
3709
3711
3712
3714
3716
3717
3718
3719
3722
3723
3725
3726
3728
3729
3730
3732
3734
3735
3736
3738
3739
3740
3742
3744
3746
3747
3748
3750
3752
3753
3755
3756
3758
3759
3760
3761
3763
3764
3767
3768
3770
3771
3772
3774
3776
3777
3778
3780
3781
3782
3784
3786
3788
3789
3790
3792
3794
3795
3797
3798
3800
3801
3802
3803
3805
3806
3809
3810
3811
3813
3815
3816
3818
3819
3821
3822
3823
3824
3826
3827
3830
3831
3833
3834
3835
3837
3839
3840
3841
3843
3844
3845
3847
3849
3851
3852
3853
3855
3857
3858
3860
3861
3863
3864
3865
3866
3868
3869
3871
3873
3874
3876
3877
3879
3880
3882
3884
3885
3886
3887
3890
3891
3893
3894
3896
3897
3898
3900
3902
3903
3904
3906
3907
3908
3910
3912
3914
3915
3917
3918
3919
3921
3923
3924
3925
3927
3928
3929
3931
3933
3935
3936
3938
3939
3940
3942
3944
3945
3946
3948
3949
3950
3952
3954
3956
3957
3959
3960
3961
3963
3965
3966
3967
3969
3970
3971
3973
3975
3976
3978
3979
3981
3982
3984
3985
3987
3989
3990
3991
3992
3995
3996
3998
3999
4001
4002
4003
4005
4007
4008
4009
4011
4012
4013
4015
4017
4019
4020
4021
4023
4025
4026
4028
4029
4031
4032
4033
4034
4036
4037
4040
4041
4042
4044
4046
4047
4049
4050
4052
4053
4054
4055
4057
4058
4061
4062
4063
4065
4067
4068
4070
4071
4073
4074
4075
4076
4078
4079
4081
4083
4084
4086
4087
4089
4090
4092
4094
4095
4096
4097
4100
4101
4103
4104
4105
4107
4109
4110
4112
4113
4115
4116
4117
4118
4120
4121
4124
4125
4127
4128
4129
4131
4133
4134
4135
4137
4138
4139
4141
4143
4145
4146
4147
4149
4151
4152
4154
4155
4157
4158
4159
4160
4162
4163
4165
4167
4168
4170
4171
4173
4174
4176
4178
4179
4180
4181
4184
4185
4187
4188
4190
4191
4192
4194
4196
4197
4198
4200
4201
4202
4204
4206
4208
4209
4210
4212
4214
4215
4217
4218
4220
4221
4222
4223
4225
4226
4229
4230
4231
4233
4235
4236
4238
4239
4241
4242
4243
4244
4246
4247
4250
4251
4253
4254
4255
4257
4259
4260
4261
4263
4264
4265
4267
4269
4271
4272
4273
4275
4277
4278
4280
4281
4283
4284
4285
4286
4288
4289
4291
4293
4294
4296
4297
4299
4300
4302
4304
4305
4306
4307
4310
4311
4313
4314
4315
4317
4319
4320
4322
4323
4325
4326
4327
4328
4330
4331
4333
4335
4336
4338
4339
4341
4342
4344
4346
4347
4348
4349
4352
4353
4355
4356
4358
4359
4360
4362
4364
4365
4366
4368
4369
4370
4372
4374
4376
4377
4378
4380
4382
4383
4385
4386
4388
4389
4390
4391
4393
4394
4397
4398
4399
4401
4403
4404
4406
4407
4409
4410
4411
4412
4414
4415
4418
4419
4420
4422
4424
4425
4427
4428
4430
4431
4432
4433
4435
4436
4438
4440
4441
4443
4444
4446
4447
4449
4451
4452
4453
4454
4457
4458
4460
4461
4463
4464
4465
4467
4469
4470
4471
4473
4474
4475
4477
4479
4481
4482
4483
4485
4487
4488
4490
4491
4493
4494
4495
4496
4498
4499
4501
4503
4504
4506
4507
4509
4510
4512
4514
4515
4516
4517
4520
4521
4522
4524
4525
4527
4528
4530
4531
4533
4535
4536
4537
4538
4541
4542
4543
4545
4546
4548
4549
4551
4552
4554
4556
4557
4558
4559
4562
4563
4565
4566
4568
4569
4570
4572
4574
4575
4576
4578
4579
4580
4582
4584
4585
4587
4588
4590
4591
4593
4594
4596
4598
4599
4600
4601
4604
4605
4607
4608
4610
4611
4612
4614
4616
4617
4618
4620
4621
4622
4624
4626
4628
4629
4631
4632
4633
4635
4637
4638
4639
4641
4642
4643
4645
4647
4649
4650
4652
4653
4654
4656
4658
4659
4660
4662
4663
4664
4666
4668
4670
4671
4673
4674
4675
4677
4679
4680
4681
4683
4684
4685
4687
4689
4691
4692
4693
4695
4697
4698
4700
4701
4703
4704
4705
4706
4708
4709
4712
4713
4714
4716
4718
4719
4721
4722
4724
4725
4726
4727
4729
4730
4733
4734
4735
4737
4739
4740
4742
4743
4745
4746
4747
4748
4750
4751
4754
4755
4756
4758
4760
4761
4763
4764
4766
4767
4768
4769
4771
4772
4774
4776
4777
4779
4780
4782
4783
4785
4787
4788
4789
4790
4793
4794
4796
4797
4799
4800
4801
4803
4805
4806
4807
4809
4810
4811
4813
4815
4817
4818
4819
4821
4823
4824
4826
4827
4829
4830
4831
4832
4834
4835
4837
4839
4840
4842
4843
4845
4846
4848
4850
4851
4852
4853
4856
4857
4859
4860
4862
4863
4864
4866
4868
4869
4870
4872
4873
4874
4876
4878
4880
4881
4883
4884
4885
4887
4889
4890
4891
4893
4894
4895
4897
4899
4900
4902
4903
4905
4906
4908
4909
4911
4913
4914
4915
4916
4919
4920
4922
4923
4925
4926
4927
4929
4931
4932
4933
4935
4936
4937
4939
4941
4943
4944
4945
4947
4949
4950
4952
4953
4955
4956
4957
4958
4960
4961
4964
4965
4966
4968
4970
4971
4973
4974
4976
4977
4978
4979
4981
4982
4985
4986
4988
4989
4990
4992
4994
4995
4996
4998
4999
5000
5002
5004
5006
5007
5009
5010
5011
5013
5015
5016
5017
5019
5020
5021
5023
5025
5027
5028
5029
5031
5033
5034
5036
5037
5039
5040
5041
5042
5044
5045
5048
5049
5051
5052
5053
5055
5057
5058
5059
5061
5062
5063
5065
5067
5069
5070
5071
5073
5075
5076
5078
5079
5081
5082
5083
5084
5086
5087
5089
5091
5092
5094
5095
5097
5098
5100
5102
5103
5104
5105
5108
5109
5110
5112
5113
5115
5116
5118
5119
5121
5123
5124
5125
5126
5129
5130
5132
5133
5134
5135
5138
5139
5140
5141
5143
5145
5146
5147
5150
5151
5152
5153
5156
5157
5158
5159
5161
5163
5164
5165
5167
5169
5170
5171
5174
5175
5176
5177
5180
5181
5182
5183
5185
5187
5188
5189
5192
5193
5194
5195
5198
5199
5200
5201
5203
5205
5206
5207
5210
5211
5212
5213
5216
5217
5218
5219
5221
5223
5224
5225
5228
5229
5230
5231
5234
5235
5236
5237
5239
5241
5242
5243
5246
5247
5248
5249
5252
5253
5254
5255
5258
5259
5260
5261
5264
5265
5266
5267
5269
5271
5272
5273
5276
5277
5278
5279
5282
5283
5284
5285
5287
5289
5290
5291
5293
5295
5296
5297
5300
5301
5302
5303
5306
5307
5308
5309
5312
5313
5314
5315
5318
5319
5320
5321
5323
5325
5326
5327
5330
5331
5332
5333
5336
5337
5338
5339
5341
5343
5344
5345
5348
5349
5350
5351
5354
5355
5356
5357
5359
5361
5362
5363
5365
5367
5368
5369
5372
5373
5374
5375
5378
5379
5380
5381
5383
5385
5386
5387
5390
5391
5392
5393
5396
5397
5398
5399
5401
5403
5404
5405
5408
5409
5410
5411
5414
5415
5416
5417
5419
5421
5422
5423
5426
5427
5428
5429
5432
5433
5434
5435
5438
5439
5440
5441
5443
5445
5446
5447
5450
5451
5452
5453
5455
5457
5458
5459
5462
5463
5464
5465
5468
5469
5470
5471
5473
5475
5476
5477
5480
5481
5482
5483
5486
5487
5488
5489
5492
5493
5494
5495
5497
5499
5500
5501
5504
5505
5506
5507
5510
5511
5512
5513
5515
5517
5518
5519
5522
5523
5524
5525
5528
5529
5530
5531
5533
5535
5536
5537
5540
5541
5542
5543
5546
5547
5548
5549
5551
5553
5554
5555
5558
5559
5560
5561
5564
5565
5566
5567
5569
5571
5572
5573
5576
5577
5578
5579
5582
5583
5584
5585
5587
5589
5590
5591
5594
5595
5596
5597
5599
5601
5602
5603
5606
5607
5608
5609
5612
5613
5614
5615
5618
5619
5620
5621
5623
5625
5626
5627
5630
5631
5632
5633
5636
5637
5638
5639
5641
5643
5644
5645
5648
5649
5650
5651
5654
5655
5656
5657
5660
5661
5662
5663
5665
5667
5668
5669
5672
5673
5674
5675
5678
5679
5680
5681
5683
5685
5686
5687
5690
5691
5692
5693
5695
5697
5698
5699
5702
5703
5704
5705
5708
5709
5710
5711
5713
5715
5716
5717
5720
5721
5722
5723
5726
5727
5728
5729
5731
5733
5734
5735
5738
5739
5740
5741
5744
5745
5746
5747
5750
5751
5752
5753
5755
5757
5758
5759
5762
5763
5764
5765
5768
5769
5770
5771
5773
5775
5776
5777
5780
5781
5782
5783
5786
5787
5788
5789
5791
5793
5794
5795
5798
5799
5800
5801
5803
5805
5806
5807
5810
5811
5812
5813
5816
5817
5818
5819
5821
5823
5824
5825
5828
5829
5830
5831
5834
5835
5836
5837
5839
5841
5842
5843
5846
5847
5848
5849
5852
5853
5854
5855
5858
5859
5860
5861
5863
5865
5866
5867
5870
5871
5872
5873
5875
5877
5878
5879
5882
5883
5884
5885
5888
5889
5890
5891
5893
5895
5896
5897
5900
5901
5902
5903
5906
5907
5908
5909
5912
5913
5914
5915
5917
5919
5920
5921
5924
5925
5926
5927
5929
5931
5932
5933
5936
5937
5938
5939
5942
5943
5944
5945
5947
5949
5950
5951
5954
5955
5956
5957
5960
5961
5962
5963
5966
5967
5968
5969
5971
5973
5974
5975
5978
5979
5980
5981
5984
5985
5986
5987
5989
5991
5992
5993
5996
5997
5998
5999
6001
6003
6004
6005
6008
6009
6010
6011
6014
6015
6016
6017
6019
6021
6022
6023
6026
6027
6028
6029
6032
6033
6034
6035
6037
6039
6040
6041
6044
6045
6046
6047
6050
6051
6052
6053
6055
6057
6058
6059
6062
6063
6064
6065
6068
6069
6070
6071
6073
6075
6076
6077
6080
6081
6082
6083
6086
6087
6088
6089
6092
6093
6094
6095
6097
6099
6100
6101
6104
6105
6106
6107
6110
6111
6112
6113
6115
6117
6118
6119
6122
6123
6124
6125
6127
6129
6130
6131
6134
6135
6136
6137
6140
6141
6142
6143
6146
6147
6148
6149
6151
6153
6154
6155
6158
6159
6160
6161
6163
6165
6166
6167
6170
6171
6172
6173
6176
6177
6178
6179
6181
6183
6184
6185
6188
6189
6190
6191
6194
6195
6196
6197
6199
6201
6202
6203
6206
6207
6208
6209
6212
6213
6214
6215
6217
6219
6220
6221
6224
6225
6226
6227
6230
6231
6232
6233
6236
6237
6238
6239
6241
6243
6244
6245
6248
6249
6250
6251
6254
6255
6256
6257
6259
6261
6262
6263
6265
6267
6268
6269
6272
6273
6274
6275
6278
6279
6280
6281
6283
6285
6286
6287
6290
6291
6292
6293
6296
6297
6298
6299
6302
6303
6304
6305
6307
6309
6310
6311
6314
6315
6316
6317
6320
6321
6322
6323
6325
6327
6328
6329
6332
6333
6334
6335
6337
6339
6340
6341
6344
6345
6346
6347
6350
6351
6352
6353
6356
6357
6358
6359
6361
6363
6364
6365
6368
6369
6370
6371
6373
6375
6376
6377
6380
6381
6382
6383
6386
6387
6388
6389
6392
6393
6394
6395
6398
6399
6400
6401
6403
6405
6406
6407
6409
6411
6412
6413
6416
6417
6418
6419
6422
6423
6424
6425
6428
6429
6430
6431
6433
6435
6436
6437
6440
6441
6442
6443
6445
6447
6448
6449
6452
6453
6454
6455
6458
6459
6460
6461
6463
6465
6466
6467
6470
6471
6472
6473
6476
6477
6478
6479
6482
6483
6484
6485
6488
6489
6490
6491
6493
6495
6496
6497
6500
6501
6502
6503
6506
6507
6508
6509
6511
6513
6514
6515
6518
6519
6520
6521
6524
6525
6526
6527
6529
6531
6532
6533
6535
6537
6538
6539
6542
6543
6544
6545
6548
6549
6550
6551
6554
6555
6556
6557
6560
6561
6562
6563
6565
6567
6568
6569
6572
6573
6574
6575
6577
6579
6580
6581
6584
6585
6586
6587
6590
6591
6592
6593
6596
6597
6598
6599
6601
6603
6604
6605
6608
6609
6610
6611
6613
6615
6616
6617
6620
6621
6622
6623
6626
6627
6628
6629
6632
6633
6634
6635
6637
6639
6640
6641
6644
6645
6646
6647
6650
6651
6652
6653
6655
6657
6658
6659
6662
6663
6664
6665
6668
6669
6670
6671
6673
6675
6676
6677
6680
6681
6682
6683
6685
6687
6688
6689
6692
6693
6694
6695
6698
6699
6700
6701
6703
6705
6706
6707
6710
6711
6712
6713
6716
6717
6718
6719
6721
6723
6724
6725
6728
6729
6730
6731
6734
6735
6736
6737
6740
6741
6742
6743
6745
6747
6748
6749
6751
6753
6754
6755
6758
6759
6760
6761
6764
6765
6766
6767
6770
6771
6772
6773
6776
6777
6778
6779
6781
6783
6784
6785
6787
6789
6790
6791
6794
6795
6796
6797
6800
6801
6802
6803
6805
6807
6808
6809
6812
6813
6814
6815
6818
6819
6820
6821
6824
6825
6826
6827
6829
6831
6832
6833
6836
6837
6838
6839
6842
6843
6844
6845
6848
6849
6850
6851
6853
6855
6856
6857
6860
6861
6862
6863
6866
6867
6868
6869
6871
6873
6874
6875
6877
6879
6880
6881
6884
6885
6886
6887
6890
6891
6892
6893
6896
6897
6898
6899
6901
6903
6904
6905
6908
6909
6910
6911
6913
6915
6916
6917
6920
6921
6922
6923
6926
6927
6928
6929
6932
6933
6934
6935
6937
6939
6940
6941
6944
6945
6946
6947
6950
6951
6952
6953
6955
6957
6958
6959
6962
6963
6964
6965
6967
6969
6970
6971
6974
6975
6976
6977
6980
6981
6982
6983
6986
6987
6988
6989
6992
6993
6994
6995
6997
6999
7000
7001
7004
7005
7006
7007
7010
7011
7012
7013
7015
7017
7018
7019
7021
7023
7024
7025
7028
7029
7030
7031
7034
7035
7036
7037
7040
7041
7042
7043
7046
7047
7048
7049
7051
7053
7054
7055
7057
7059
7060
7061
7064
7065
7066
7067
7070
7071
7072
7073
7075
7077
7078
7079
7082
7083
7084
7085
7088
7089
7090
7091
7093
7095
7096
7097
7100
7101
7102
7103
7106
7107
7108
7109
7112
7113
7114
7115
7117
7119
7120
7121
7124
7125
7126
7127
7130
7131
7132
7133
7135
7137
7138
7139
7142
7143
7144
7145
7148
7149
7150
7151
7154
7155
7156
7157
7159
7161
7162
7163
7165
7167
7168
7169
7172
7173
7174
7175
7178
7179
7180
7181
7183
7185
7186
7187
7190
7191
7192
7193
7196
7197
7198
7199
7201
7203
7204
7205
7208
7209
7210
7211
7214
7215
7216
7217
7220
7221
7222
7223
7226
7227
7228
7229
7231
7233
7234
7235
7237
7239
7240
7241
7244
7245
7246
7247
7250
7251
7252
7253
7255
7257
7258
7259
7262
7263
7264
7265
7268
7269
7270
7271
7274
7275
7276
7277
7280
7281
7282
7283
7285
7287
7288
7289
7291
7293
7294
7295
7298
7299
7300
7301
7304
7305
7306
7307
7309
7311
7312
7313
7316
7317
7318
7319
7322
7323
7324
7325
7327
7329
7330
7331
7334
7335
7336
7337
7340
7341
7342
7343
7346
7347
7348
7349
7351
7353
7354
7355
7358
7359
7360
7361
7363
7365
7366
7367
7370
7371
7372
7373
7376
7377
7378
7379
7382
7383
7384
7385
7388
7389
7390
7391
7393
7395
7396
7397
7399
7401
7402
7403
7406
7407
7408
7409
7412
7413
7414
7415
7418
7419
7420
7421
7424
7425
7426
7427
7429
7431
7432
7433
7436
7437
7438
7439
7442
7443
7444
7445
7447
7449
7450
7451
7454
7455
7456
7457
7460
7461
7462
7463
7465
7467
7468
7469
7472
7473
7474
7475
7478
7479
7480
7481
7483
7485
7486
7487
7489
7491
7492
7493
7496
7497
7498
7499
7502
7503
7504
7505
7508
7509
7510
7511
7514
7515
7516
7517
7519
7521
7522
7523
7526
7527
7528
7529
7532
7533
7534
7535
7537
7539
7540
7541
7544
7545
7546
7547
7550
7551
7552
7553
7555
7557
7558
7559
7562
7563
7564
7565
7567
7569
7570
7571
7574
7575
7576
7577
7580
7581
7582
7583
7586
7587
7588
7589
7591
7593
7594
7595
7598
7599
7600
7601
7603
7605
7606
7607
7610
7611
7612
7613
7616
7617
7618
7619
7621
7623
7624
7625
7628
7629
7630
7631
7633
7635
7636
7637
7640
7641
7642
7643
7646
7647
7648
7649
7652
7653
7654
7655
7657
7659
7660
7661
7664
7665
7666
7667
7670
7671
7672
7673
7675
7677
7678
7679
7682
7683
7684
7685
7688
7689
7690
7691
7693
7695
7696
7697
7700
7701
7702
7703
7705
7707
7708
7709
7712
7713
7714
7715
7718
7719
7720
7721
7724
7725
7726
7727
7729
7731
7732
7733
7736
7737
7738
7739
7742
7743
7744
7745
7747
7749
7750
7751
7754
7755
7756
7757
7759
7761
7762
7763
7766
7767
7768
7769
7772
7773
7774
7775
7777
7779
7780
7781
7784
7785
7786
7787
7790
7791
7792
7793
7795
7797
7798
7799
7802
7803
7804
7805
7808
7809
7810
7811
7814
7815
7816
7817
7819
7821
7822
7823
7826
7827
7828
7829
7831
7833
7834
7835
7838
7839
7840
7841
7844
7845
7846
7847
7850
7851
7852
7853
7855
7857
7858
7859
7862
7863
7864
7865
7867
7869
7870
7871
7874
7875
7876
7877
7880
7881
7882
7883
7886
7887
7888
7889
7891
7893
7894
7895
7898
7899
7900
7901
7904
7905
7906
7907
7909
7911
7912
7913
7916
7917
7918
7919
7922
7923
7924
7925
7927
7929
7930
7931
7934
7935
7936
7937
7940
7941
7942
7943
7945
7947
7948
7949
7952
7953
7954
7955
7958
7959
7960
7961
7964
7965
7966
7967
7969
7971
7972
7973
7976
7977
7978
7979
7982
7983
7984
7985
7987
7989
7990
7991
7994
7995
7996
7997
8000
8001
8002
8003
8005
8007
8008
8009
8012
8013
8014
8015
8017
8019
8020
8021
8024
8025
8026
8027
8030
8031
8032
8033
8035
8037
8038
8039
8042
8043
8044
8045
8047
8049
8050
8051
8054
8055
8056
8057
8060
8061
8062
8063
8066
8067
8068
8069
8072
8073
8074
8075
8077
8079
8080
8081
8084
8085
8086
8087
8090
8091
8092
8093
8095
8097
8098
8099
8101
8103
8104
8105
8108
8109
8110
8111
8114
8115
8116
8117
8119
8121
8122
8123
8126
8127
8128
8129
8132
8133
8134
8135
8137
8139
8140
8141
8144
8145
8146
8147
8150
8151
8152
8153
8155
8157
8158
8159
8162
8163
8164
8165
8168
8169
8170
8171
8174
8175
8176
8177
8180
8181
8182
8183
8185
8187
8188
8189
8192
8193
8194
8195
8197
8199
8200
8201
8204
8205
8206
8207
8210
8211
8212
8213
8216
8217
8218
8219
8221
8223
8224
8225
8228
8229
8230
8231
8233
8235
8236
8237
8240
8241
8242
8243
8246
8247
8248
8249
8252
8253
8254
8255
8257
8259
8260
8261
8264
8265
8266
8267
8270
8271
8272
8273
8275
8277
8278
8279
8282
8283
8284
8285
8288
8289
8290
8291
8293
8295
8296
8297
8300
8301
8302
8303
8306
8307
8308
8309
8311
8313
8314
8315
8318
8319
8320
8321
8324
8325
8326
8327
8329
8331
8332
8333
8336
8337
8338
8339
8342
8343
8344
8345
8347
8349
8350
8351
8353
8355
8356
8357
8360
8361
8362
8363
8366
8367
8368
8369
8371
8373
8374
8375
8378
8379
8380
8381
8384
8385
8386
8387
8389
8391
8392
8393
8396
8397
8398
8399
8402
8403
8404
8405
8408
8409
8410
8411
8414
8415
8416
8417
8419
8421
8422
8423
8426
8427
8428
8429
8431
8433
8434
8435
8438
8439
8440
8441
8444
8445
8446
8447
8450
8451
8452
8453
8455
8457
8458
8459
8462
8463
8464
8465
8468
8469
8470
8471
8473
8475
8476
8477
8480
8481
8482
8483
8486
8487
8488
8489
8491
8493
8494
8495
8498
8499
8500
8501
8504
8505
8506
8507
8509
8511
8512
8513
8516
8517
8518
8519
8522
8523
8524
8525
8527
8529
8530
8531
8534
8535
8536
8537
8540
8541
8542
8543
8545
8547
8548
8549
8552
8553
8554
8555
8558
8559
8560
8561
8563
8565
8566
8567
8569
8571
8572
8573
8576
8577
8578
8579
8582
8583
8584
8585
8588
8589
8590
8591
8593
8595
8596
8597
8600
8601
8602
8603
8606
8607
8608
8609
8611
8613
8614
8615
8618
8619
8620
8621
8624
8625
8626
8627
8630
8631
8632
8633
8635
8637
8638
8639
8642
8643
8644
8645
8648
8649
8650
8651
8653
8655
8656
8657
8660
8661
8662
8663
8666
8667
8668
8669
8671
8673
8674
8675
8678
8679
8680
8681
8683
8685
8686
8687
8690
8691
8692
8693
8696
8697
8698
8699
8702
8703
8704
8705
8707
8709
8710
8711
8714
8715
8716
8717
8720
8721
8722
8723
8725
8727
8728
8729
8732
8733
8734
8735
8738
8739
8740
8741
8743
8745
8746
8747
8750
8751
8752
8753
8756
8757
8758
8759
8761
8763
8764
8765
8767
8769
8770
8771
8774
8775
8776
8777
8780
8781
8782
8783
8785
8787
8788
8789
8792
8793
8794
8795
8798
8799
8800
8801
8804
8805
8806
8807
8809
8811
8812
8813
8816
8817
8818
8819
8821
8823
8824
8825
8828
8829
8830
8831
8834
8835
8836
8837
8839
8841
8842
8843
8846
8847
8848
8849
8852
8853
8854
8855
8858
8859
8860
8861
8864
8865
8866
8867
8869
8871
8872
8873
8876
8877
8878
8879
8882
8883
8884
8885
8887
8889
8890
8891
8894
8895
8896
8897
8900
8901
8902
8903
8905
8907
8908
8909
8911
8913
8914
8915
8918
8919
8920
8921
8924
8925
8926
8927
8929
8931
8932
8933
8936
8937
8938
8939
8942
8943
8944
8945
8947
8949
8950
8951
8954
8955
8956
8957
8960
8961
8962
8963
8966
8967
8968
8969
8972
8973
8974
8975
8977
8979
8980
8981
8983
8985
8986
8987
8990
8991
8992
8993
8996
8997
8998
8999
9002
9003
9004
9005
9008
9009
9010
9011
9013
9015
9016
9017
9020
9021
9022
9023
9025
9027
9028
9029
9032
9033
9034
9035
9038
9039
9040
9041
9043
9045
9046
9047
9050
9051
9052
9053
9056
9057
9058
9059
9061
9063
9064
9065
9068
9069
9070
9071
9074
9075
9076
9077
9079
9081
9082
9083
9086
9087
9088
9089
9092
9093
9094
9095
9097
9099
9100
9101
9104
9105
9106
9107
9109
9111
9112
9113
9116
9117
9118
9119
9122
9123
9124
9125
9128
9129
9130
9131
9134
9135
9136
9137
9139
9141
9142
9143
9146
9147
9148
9149
9152
9153
9154
9155
9157
9159
9160
9161
9164
9165
9166
9167
9170
9171
9172
9173
9175
9177
9178
9179
9182
9183
9184
9185
9188
9189
9190
9191
9193
9195
9196
9197
9200
9201
9202
9203
9205
9207
9208
9209
9212
9213
9214
9215
9218
9219
9220
9221
9224
9225
9226
9227
9229
9231
9232
9233
9236
9237
9238
9239
9242
9243
9244
9245
9247
9249
9250
9251
9254
9255
9256
9257
9260
9261
9262
9263
9265
9267
9268
9269
9272
9273
9274
9275
9278
9279
9280
9281
9283
9285
9286
9287
9290
9291
9292
9293
9296
9297
9298
9299
9301
9303
9304
9305
9308
9309
9310
9311
9313
9315
9316
9317
9320
9321
9322
9323
9326
9327
9328
9329
9331
9333
9334
9335
9338
9339
9340
9341
9344
9345
9346
9347
9349
9351
9352
9353
9356
9357
9358
9359
9362
9363
9364
9365
9368
9369
9370
9371
9373
9375
9376
9377
9380
9381
9382
9383
9386
9387
9388
9389
9391
9393
9394
9395
9398
9399
9400
9401
9403
9405
9406
9407
9410
9411
9412
9413
9416
9417
9418
9419
9421
9423
9424
9425
9428
9429
9430
9431
9434
9435
9436
9437
9439
9441
9442
9443
9446
9447
9448
9449
9452
9453
9454
9455
9458
9459
9460
9461
9463
9465
9466
9467
9470
9471
9472
9473
9475
9477
9478
9479
9482
9483
9484
9485
9488
9489
9490
9491
9493
9495
9496
9497
9500
9501
9502
9503
9506
9507
9508
9509
9511
9513
9514
9515
9518
9519
9520
9521
9523
9525
9526
9527
9530
9531
9532
9533
9536
9537
9538
9539
9542
9543
9544
9545
9548
9549
9550
9551
9553
9555
9556
9557
9559
9561
9562
9563
9566
9567
9568
9569
9572
9573
9574
9575
9578
9579
9580
9581
9584
9585
9586
9587
9589
9591
9592
9593
9596
9597
9598
9599
9601
9603
9604
9605
9608
9609
9610
9611
9614
9615
9616
9617
9620
9621
9622
9623
9625
9627
9628
9629
9632
9633
9634
9635
9638
9639
9640
9641
9643
9645
9646
9647
9650
9651
9652
9653
9655
9657
9658
9659
9662
9663
9664
9665
9668
9669
9670
9671
9674
9675
9676
9677
9679
9681
9682
9683
9686
9687
9688
9689
9692
9693
9694
9695
9697
9699
9700
9701
9704
9705
9706
9707
9709
9711
9712
9713
9716
9717
9718
9719
9722
9723
9724
9725
9728
9729
9730
9731
9733
9735
9736
9737
9740
9741
9742
9743
9745
9747
9748
9749
9752
9753
9754
9755
9757
9759
9760
9761
9764
9765
9766
9767
9770
9771
9772
9773
9775
9777
9778
9779
9782
9783
9784
9785
9788
9789
9790
9791
9794
9795
9796
9797
9799
9801
9802
9803
9806
9807
9808
9809
9811
9813
9814
9815
9818
9819
9820
9821
9824
9825
9826
9827
9830
9831
9832
9833
9835
9837
9838
9839
9842
9843
9844
9845
9848
9849
9850
9851
9853
9855
9856
9857
9860
9861
9862
9863
9865
9867
9868
9869
9872
9873
9874
9875
9878
9879
9880
9881
9884
9885
9886
9887
9889
9891
9892
9893
9896
9897
9898
9899
9901
9903
9904
9905
9908
9909
9910
9911
9914
9915
9916
9917
9919
9921
9922
9923
9926
9927
9928
9929
9932
9933
9934
9935
9938
9939
9940
9941
9943
9945
9946
9947
9950
9951
9952
9953
9955
9957
9958
9959
9962
9963
9964
9965
9968
9969
9970
9971
9974
9975
9976
9977
9979
9981
9982
9983
9986
9987
9988
9989
9992
9993
9994
9995
9997
9999
10000
10001
10004
10005
10006
10007
10010
10011
10012
10013
10015
10017
10018
10019
10022
10023
10024
10025
10028
10029
10030
10031
10033
10035
10036
10037
10040
10041
10042
10043
10046
10047
10048
10049
10051
10053
10054
10055
10058
10059
10060
10061
10064
10065
10066
10067
10070
10071
10072
10073
10075
10077
10078
10079
10082
10083
10084
10085
10088
10089
10090
10091
10093
10095
10096
10097
10099
10101
10102
10103
10106
10107
10108
10109
10112
10113
10114
10115
10118
10119
10120
10121
10124
10125
10126
10127
10129
10131
10132
10133
10136
10137
10138
10139
10141
10143
10144
10145
10148
10149
10150
10151
10154
10155
10156
10157
10160
10161
10162
10163
10165
10167
10168
10169
10172
10173
10174
10175
10178
10179
10180
10181
10183
10185
10186
10187
10190
10191
10192
10193
10196
10197
10198
10199
10201
10203
10204
10205
10207
10209
10210
10211
10214
10215
10216
10217
10220
10221
10222
10223
10226
10227
10228
10229
10231
10233
10234
10235
10238
10239
10240
10241
10244
10245
10246
10247
10250
10251
10252
10253
10255
10257
10258
10259
10262
10263
10264
10265
10268
10269
10270
10271
10273
10275
10276
10277
10280
10281
10282
10283
10285
10287
10288
10289
10292
10293
10294
10295
10297
10299
10300
10301
10304
10305
10306
10307
10310
10311
10312
10313
10316
10317
10318
10319
10322
10323
10324
10325
10327
10329
10330
10331
10333
10335
10336
10337
10340
10341
10342
10343
10346
10347
10348
10349
10352
10353
10354
10355
10357
10359
10360
10361
10364
10365
10366
10367
10370
10371
10372
10373
10375
10377
10378
10379
10382
10383
10384
10385
10388
10389
10390
10391
10393
10395
10396
10397
10400
10401
10402
10403
10406
10407
10408
10409
10411
10413
10414
10415
10418
10419
10420
10421
10423
10425
10426
10427
10430
10431
10432
10433
10436
10437
10438
10439
10442
10443
10444
10445
10447
10449
10450
10451
10454
10455
10456
10457
10459
10461
10462
10463
10466
10467
10468
10469
10472
10473
10474
10475
10478
10479
10480
10481
10484
10485
10486
10487
10489
10491
10492
10493
10496
10497
10498
10499
10501
10503
10504
10505
10508
10509
10510
10511
10514
10515
10516
10517
10519
10521
10522
10523
10526
10527
10528
10529
10531
10533
10534
10535
10538
10539
10540
10541
10544
10545
10546
10547
10550
10551
10552
10553
10556
10557
10558
10559
10561
10563
10564
10565
10568
10569
10570
10571
10574
10575
10576
10577
10579
10581
10582
10583
10586
10587
10588
10589
10592
10593
10594
10595
10597
10599
10600
10601
10604
10605
10606
10607
10610
10611
10612
10613
10615
10617
10618
10619
10622
10623
10624
10625
10628
10629
10630
10631
10633
10635
10636
10637
10640
10641
10642
10643
10646
10647
10648
10649
10651
10653
10654
10655
10658
10659
10660
10661
10664
10665
10666
10667
10669
10671
10672
10673
10675
10677
10678
10679
10682
10683
10684
10685
10688
10689
10690
10691
10693
10695
10696
10697
10700
10701
10702
10703
10706
10707
10708
10709
10712
10713
10714
10715
10718
10719
10720
10721
10723
10725
10726
10727
10729
10731
10732
10733
10736
10737
10738
10739
10742
10743
10744
10745
10748
10749
10750
10751
10753
10755
10756
10757
10760
10761
10762
10763
10765
10767
10768
10769
10772
10773
10774
10775
10778
10779
10780
10781
10784
10785
10786
10787
10790
10791
10792
10793
10795
10797
10798
10799
10802
10803
10804
10805
10807
10809
10810
10811
10814
10815
10816
10817
10819
10821
10822
10823
10826
10827
10828
10829
10832
10833
10834
10835
10838
10839
10840
10841
10843
10845
10846
10847
10850
10851
10852
10853
10855
10857
10858
10859
10862
10863
10864
10865
10868
10869
10870
10871
10874
10875
10876
10877
10879
10881
10882
10883
10886
10887
10888
10889
10892
10893
10894
10895
10897
10899
10900
10901
10904
10905
10906
10907
10910
10911
10912
10913
10915
10917
10918
10919
10922
10923
10924
10925
10928
10929
10930
10931
10933
10935
10936
10937
10940
10941
10942
10943
10946
10947
10948
10949
10951
10953
10954
10955
10958
10959
10960
10961
10963
10965
10966
10967
10970
10971
10972
10973
10976
10977
10978
10979
10982
10983
10984
10985
10987
10989
10990
10991
10994
10995
10996
10997
11000
11001
11002
11003
11005
11007
11008
11009
11012
11013
11014
11015
11017
11019
11020
11021
11024
11025
11026
11027
11030
11031
11032
11033
11036
11037
11038
11039
11042
11043
11044
11045
11047
11049
11050
11051
11053
11055
11056
11057
11060
11061
11062
11063
11066
11067
11068
11069
11072
11073
11074
11075
11078
11079
11080
11081
11083
11085
11086
11087
11089
11091
11092
11093
11096
11097
11098
11099
11102
11103
11104
11105
11108
11109
11110
11111
11113
11115
11116
11117
11120
11121
11122
11123
11125
11127
11128
11129
11132
11133
11134
11135
11138
11139
11140
11141
11144
11145
11146
11147
11149
11151
11152
11153
11156
11157
11158
11159
11162
11163
11164
11165
11168
11169
11170
11171
11173
11175
11176
11177
11180
11181
11182
11183
11186
11187
11188
11189
11191
11193
11194
11195
11197
11199
11200
11201
11204
11205
11206
11207
11210
11211
11212
11213
11216
11217
11218
11219
11221
11223
11224
11225
11228
11229
11230
11231
11234
11235
11236
11237
11239
11241
11242
11243
11246
11247
11248
11249
11252
11253
11254
11255
11257
11259
11260
11261
11264
11265
11266
11267
11270
11271
11272
11273
11275
11277
11278
11279
11282
11283
11284
11285
11287
11289
11290
11291
11294
11295
11296
11297
11300
11301
11302
11303
11306
11307
11308
11309
11311
11313
11314
11315
11318
11319
11320
11321
11324
11325
11326
11327
11329
11331
11332
11333
11336
11337
11338
11339
11341
11343
11344
11345
11348
11349
11350
11351
11354
11355
11356
11357
11360
11361
11362
11363
11365
11367
11368
11369
11372
11373
11374
11375
11378
11379
11380
11381
11383
11385
11386
11387
11390
11391
11392
11393
11396
11397
11398
11399
11402
11403
11404
11405
11407
11409
11410
11411
11414
11415
11416
11417
11420
11421
11422
11423
11425
11427
11428
11429
11432
11433
11434
11435
11438
11439
11440
11441
11443
11445
11446
11447
11450
11451
11452
11453
11456
11457
11458
11459
11461
11463
11464
11465
11467
11469
11470
11471
11474
11475
11476
11477
11480
11481
11482
11483
11486
11487
11488
11489
11491
11493
11494
11495
11498
11499
11500
11501
11503
11505
11506
11507
11510
11511
11512
11513
11516
11517
11518
11519
11522
11523
11524
11525
11527
11529
11530
11531
11534
11535
11536
11537
11540
11541
11542
11543
11545
11547
11548
11549
11552
11553
11554
11555
11557
11559
11560
11561
11564
11565
11566
11567
11570
11571
11572
11573
11576
11577
11578
11579
11581
11583
11584
11585
11588
11589
11590
11591
11593
11595
11596
11597
11600
11601
11602
11603
11606
11607
11608
11609
11611
11613
11614
11616
11617
11619
11620
11622
11623
11625
11626
11627
11629
11630
11633
11634
11636
11637
11639
11640
11642
11643
11645
11646
11648
11649
11651
11652
11653
11654
11656
11658
11659
11660
11662
11664
11666
11667
11669
11670
11671
11673
11674
11675
11678
11679
11680
11681
11683
11685
11686
11687
11690
11691
11692
11694
11695
11697
11698
11699
11701
11703
11705
11706
11707
11709
11711
11712
11713
11714
11716
11717
11719
11720
11722
11723
11725
11726
11728
11729
11732
11733
11734
11736
11737
11739
11741
11742
11744
11745
11747
11748
11749
11751
11753
11754
11755
11757
11759
11760
11761
11763
11764
11765
11767
11769
11770
11772
11774
11775
11776
11777
11780
11781
11782
11784
11786
11787
11789
11790
11792
11793
11795
11796
11797
11798
11800
11801
11804
11805
11806
11808
11810
11811
11812
11813
11816
11817
11818
11819
11821
11823
11824
11825
11827
11828
11830
11831
11833
11834
11836
11838
11840
11841
11842
11844
11846
11847
11848
11850
11851
11853
11854
11855
11858
11859
11860
11862
11863
11864
11866
11868
11869
11870
11872
11873
11875
11877
11878
11879
11882
11883
11884
11886
11887
11889
11890
11892
11893
11895
11897
11898
11899
11901
11902
11903
11905
11906
11908
11909
11912
11913
11914
11915
11917
11919
11920
11921
11924
11925
11926
11928
11929
11930
11932
11933
11935
11937
11938
11939
11942
11943
11944
11945
11948
11949
11950
11952
11953
11954
11956
11957
11959
11960
11963
11964
11965
11967
11968
11969
11972
11973
11975
11976
11978
11979
11980
11982
11984
11985
11986
11988
11989
11991
11992
11994
11995
11997
11998
11999
12001
12002
12004
12005
12007
12008
12011
12012
12013
12015
12016
12017
12020
12021
12022
12024
12025
12027
12029
12030
12031
12033
12034
12035
12037
12038
12040
12042
12043
12045
12046
12047
12049
12051
12052
12053
12056
12057
12059
12060
12061
12062
12064
12065
12067
12068
12070
12071
12073
12074
12076
12077
12079
12080
12082
12083
12085
12086
12088
12089
12091
12092
12094
12095
12097
12098
12100
12101
12103
12104
12106
12107
12109
12110
12112
12113
12115
12116
12118
12119
12121
12122
12124
12125
12127
12128
12130
12131
12133
12134
12136
12137
12139
12140
12142
12143
12145
12146
12148
12149
12151
12152
12154
12155
12157
12158
12160
12161
12163
12164
12166
12167
12169
12170
12172
12173
12175
12176
12178
12179
12181
12182
12184
12185
12187
12188
12190
12191
12193
12194
12196
12197
12199
12200
12202
12203
12205
12206
12208
12209
12211
12212
12214
12215
12217
12218
12220
12221
12223
12224
12226
12227
12229
12230
12232
12233
12235
12236
12238
12239
12241
12242
12244
12245
12247
12248
12250
12251
12253
12254
12256
12257
12259
12260
12262
12263
12265
12266
12268
12269
12271
12272
12274
12275
12277
12278
12280
12281
12283
12284
12286
12287
12289
12290
12292
12293
12295
12296
12298
12299
12301
12302
12304
12305
12307
12308
12310
12311
12313
12314
12316
12317
12319
12320
12322
12323
12325
12326
12328
12329
12331
12332
12334
12335
12337
12338
12340
12341
12343
12344
12346
12347
12349
12350
12352
12353
12355
12356
12358
12359
12361
12362
12364
12365
12367
12368
12370
12371
12373
12374
12376
12377
12379
12380
12382
12383
12385
12386
12388
12389
12391
12392
12394
12395
12397
12398
12400
12401
12403
12404
12406
12407
12409
12410
12412
12413
12415
12416
12418
12419
12421
12422
12424
12425
12427
12428
12430
12431
12433
12434
12436
12437
12439
12440
12442
12443
12445
12446
12448
12449
12451
12452
12454
12455
12457
12458
12460
12461
12463
12464
12466
12467
12469
12470
12472
12473
12475
12476
12478
12479
12481
12482
12484
12485
12487
12488
12490
12491
12493
12494
12496
12497
12499
12500
12502
12503
12505
12506
12508
12509
