c 8794 vertices
c 10130 edges
c 10121 edges after de-duplication
s vc 8794 4397
1
2
4
6
8
10
12
14
16
18
20
22
23
25
27
29
30
32
34
36
38
39
41
43
45
47
49
51
53
55
57
59
61
63
65
67
69
71
73
75
77
79
80
82
84
86
88
90
92
94
96
98
99
101
103
105
107
108
110
112
114
116
118
120
122
124
126
129
131
133
135
137
139
141
143
145
147
149
151
153
155
157
158
160
162
164
166
167
169
170
172
174
176
177
179
181
183
185
187
188
189
191
194
195
197
199
201
203
205
207
209
210
212
213
215
217
219
220
222
223
225
226
228
230
232
234
236
238
240
242
244
246
248
250
252
254
256
258
260
261
262
264
266
268
270
272
274
276
279
281
283
285
287
289
291
293
295
297
299
301
303
305
307
309
311
314
316
318
320
322
324
325
327
329
331
333
335
337
339
340
342
343
344
347
348
350
352
354
356
358
360
362
365
367
369
371
373
375
377
378
379
381
383
385
386
388
389
391
392
393
395
396
397
398
400
401
402
403
405
407
409
411
413
415
417
419
421
423
425
427
429
431
434
436
438
440
442
444
446
448
449
450
452
454
456
458
460
462
464
466
468
470
472
473
474
476
478
480
482
484
485
487
489
491
493
495
496
498
500
502
504
507
509
511
513
515
517
519
521
523
525
526
527
529
530
532
534
536
538
539
541
543
545
547
549
551
553
555
557
559
561
563
564
566
568
569
572
574
576
578
580
582
584
587
589
591
593
595
597
599
600
601
603
605
607
608
609
611
612
614
616
618
619
621
623
625
627
629
631
632
634
636
638
639
641
643
645
647
649
651
653
656
658
660
662
664
666
668
670
672
674
676
678
680
682
684
685
686
688
690
692
694
696
698
700
702
704
706
708
710
712
714
715
717
718
720
721
725
726
727
728
729
731
733
735
737
739
741
743
745
747
749
751
753
755
757
759
760
761
763
765
767
768
771
773
775
777
778
780
782
784
786
788
790
792
794
796
798
800
802
803
805
807
808
810
812
813
815
817
819
821
823
825
827
829
831
833
835
837
838
839
842
844
846
848
850
852
853
854
857
859
861
863
865
867
868
871
873
875
877
879
881
883
885
887
889
890
891
892
894
895
897
899
901
903
905
907
909
911
912
914
917
919
921
922
924
926
928
930
932
934
936
938
940
942
944
946
948
950
952
954
956
958
960
962
964
966
968
970
972
973
975
977
979
981
983
984
986
988
990
992
994
996
998
999
1001
1003
1005
1007
1009
1011
1013
1015
1017
1019
1021
1023
1025
1027
1029
1031
1032
1034
1035
1037
1038
1040
1041
1043
1045
1047
1049
1051
1053
1055
1057
1059
1061
1063
1065
1067
1070
1072
1074
1075
1076
1077
1079
1080
1083
1085
1087
1088
1090
1092
1093
1095
1097
1099
1100
1102
1104
1106
1108
1110
1112
1114
1116
1117
1120
1122
1124
1126
1128
1130
1133
1135
1137
1139
1141
1143
1145
1147
1149
1151
1153
1155
1156
1158
1160
1162
1164
1166
1168
1170
1172
1174
1176
1178
1180
1182
1184
1186
1188
1190
1192
1194
1196
1198
1200
1202
1204
1206
1208
1210
1211
1213
1214
1216
1217
1218
1219
1220
1222
1224
1226
1229
1231
1233
1235
1237
1239
1241
1243
1245
1247
1249
1251
1253
1255
1257
1258
1259
1261
1263
1265
1267
1269
1271
1273
1275
1277
1279
1280
1282
1284
1286
1288
1290
1292
1294
1296
1298
1300
1303
1305
1307
1309
1311
1312
1314
1315
1316
1318
1320
1322
1324
1326
1328
1330
1332
1334
1336
1338
1340
1342
1344
1346
1348
1350
1352
1354
1356
1358
1360
1362
1363
1364
1366
1368
1370
1372
1374
1375
1377
1379
1381
1383
1385
1387
1389
1391
1393
1395
1398
1400
1402
1404
1406
1407
1408
1410
1412
1414
1416
1418
1420
1422
1424
1426
1427
1428
1430
1431
1433
1436
1438
1440
1442
1443
1445
1447
1450
1451
1454
1456
1457
1458
1460
1462
1464
1466
1468
1470
1472
1474
1476
1478
1480
1482
1484
1486
1488
1490
1492
1494
1496
1498
1499
1501
1503
1505
1507
1509
1511
1513
1515
1517
1519
1521
1523
1525
1527
1529
1531
1533
1535
1537
1539
1541
1543
1546
1548
1550
1552
1554
1556
1557
1559
1561
1563
1565
1567
1569
1572
1574
1576
1578
1580
1582
1584
1586
1588
1590
1592
1594
1596
1598
1599
1602
1604
1606
1608
1610
1612
1614
1616
1618
1620
1623
1626
1628
1629
1631
1632
1636
1638
1640
1642
1644
1646
1648
1650
1652
1654
1656
1658
1660
1661
1662
1664
1666
1668
1670
1672
1674
1675
1680
1682
1685
1688
1691
1692
1694
1695
1697
1700
1703
1706
1708
1710
1711
1713
1715
1718
1720
1722
1725
1727
1729
1731
1733
1735
1737
1739
1741
1743
1745
1747
1749
1751
1753
1755
1757
1759
1761
1763
1766
1768
1771
1773
1775
1777
1779
1780
1782
1784
1786
1787
1790
1792
1794
1795
1797
1799
1801
1803
1805
1807
1809
1811
1813
1815
1817
1819
1821
1822
1823
1825
1827
1829
1831
1833
1835
1837
1839
1841
1843
1845
1847
1849
1851
1852
1854
1856
1858
1861
1862
1864
1866
1868
1870
1872
1873
1875
1877
1879
1881
1883
1885
1887
1889
1891
1893
1895
1897
1899
1901
1903
1905
1907
1909
1911
1913
1915
1916
1918
1920
1922
1924
1926
1928
1930
1932
1934
1936
1937
1939
1941
1943
1945
1947
1949
1951
1953
1955
1957
1959
1961
1963
1965
1967
1969
1971
1973
1975
1977
1979
1981
1983
1985
1987
1989
1991
1993
1995
1997
1999
2000
2002
2004
2006
2008
2010
2012
2013
2015
2017
2019
2021
2023
2025
2027
2029
2030
2032
2034
2036
2038
2041
2043
2045
2046
2048
2051
2053
2055
2057
2058
2060
2062
2064
2066
2068
2070
2072
2074
2076
2078
2080
2082
2084
2086
2088
2089
2091
2093
2095
2097
2099
2101
2102
2104
2106
2108
2110
2112
2114
2115
2117
2119
2121
2123
2124
2126
2128
2130
2132
2134
2136
2138
2140
2142
2144
2146
2148
2150
2152
2154
2156
2158
2160
2162
2164
2166
2168
2170
2172
2174
2176
2178
2180
2182
2184
2186
2188
2190
2191
2193
2195
2197
2199
2201
2203
2205
2207
2209
2212
2214
2215
2217
2220
2222
2224
2225
2226
2228
2233
2236
2238
2240
2242
2244
2245
2246
2248
2251
2253
2255
2257
2259
2261
2263
2265
2267
2269
2271
2273
2274
2276
2278
2280
2282
2283
2285
2287
2289
2292
2294
2296
2298
2300
2302
2304
2306
2307
2309
2311
2313
2315
2317
2319
2321
2323
2325
2327
2329
2331
2333
2335
2337
2339
2341
2343
2345
2347
2349
2351
2353
2355
2358
2360
2362
2365
2367
2369
2371
2373
2375
2377
2379
2381
2383
2385
2387
2389
2391
2393
2395
2397
2398
2403
2405
2407
2408
2410
2412
2414
2416
2418
2420
2422
2424
2426
2428
2430
2432
2434
2436
2438
2440
2441
2443
2445
2447
2449
2451
2453
2454
2456
2458
2461
2463
2465
2467
2469
2471
2473
2474
2477
2480
2481
2483
2484
2486
2488
2490
2492
2494
2496
2498
2500
2502
2503
2505
2507
2509
2511
2514
2516
2518
2520
2522
2524
2526
2528
2530
2532
2534
2536
2538
2540
2542
2544
2546
2548
2551
2553
2556
2558
2559
2561
2563
2565
2566
2568
2569
2571
2573
2575
2577
2579
2581
2583
2585
2587
2589
2591
2593
2595
2597
2599
2601
2603
2605
2607
2609
2611
2613
2616
2620
2622
2624
2626
2628
2630
2632
2634
2636
2638
2640
2642
2644
2646
2648
2650
2652
2654
2656
2658
2660
2661
2663
2666
2668
2670
2672
2674
2676
2677
2679
2681
2683
2685
2687
2689
2691
2693
2694
2696
2698
2700
2702
2703
2705
2706
2708
2710
2712
2714
2715
2717
2720
2722
2724
2726
2728
2730
2732
2734
2736
2737
2740
2742
2744
2746
2747
2749
2751
2752
2754
2756
2758
2760
2762
2764
2766
2767
2769
2770
2772
2774
2776
2778
2780
2782
2783
2785
2787
2789
2790
2791
2793
2795
2797
2799
2801
2803
2805
2807
2809
2811
2813
2815
2817
2819
2821
2823
2825
2827
2830
2831
2835
2837
2838
2840
2842
2843
2845
2847
2850
2851
2853
2854
2855
2856
2857
2860
2861
2863
2865
2867
2869
2870
2872
2874
2876
2877
2879
2881
2883
2885
2888
2890
2892
2894
2896
2898
2900
2902
2904
2906
2908
2910
2912
2914
2916
2918
2920
2922
2924
2926
2928
2929
2931
2933
2935
2937
2939
2941
2943
2945
2946
2948
2950
2951
2953
2955
2957
2959
2961
2963
2965
2967
2969
2971
2973
2975
2977
2979
2981
2983
2985
2987
2989
2991
2992
2994
2996
2998
3000
3003
3004
3006
3007
3009
3011
3012
3013
3015
3017
3019
3021
3023
3025
3027
3029
3031
3033
3035
3037
3038
3040
3042
3044
3046
3047
3049
3053
3055
3057
3059
3061
3063
3065
3067
3068
3070
3072
3074
3075
3077
3079
3081
3083
3084
3086
3088
3090
3091
3093
3094
3095
3097
3099
3101
3103
3105
3106
3108
3110
3112
3114
3116
3118
3120
3121
3125
3127
3129
3131
3133
3135
3137
3139
3141
3143
3145
3147
3149
3151
3153
3155
3157
3159
3161
3163
3165
3167
3169
3170
3172
3174
3176
3178
3180
3182
3184
3187
3189
3191
3193
3196
3198
3200
3202
3204
3206
3208
3209
3210
3212
3213
3215
3216
3218
3219
3221
3223
3225
3226
3228
3230
3232
3234
3236
3237
3239
3241
3243
3245
3247
3249
3251
3253
3254
3256
3258
3260
3262
3264
3266
3268
3270
3272
3274
3277
3279
3281
3283
3285
3289
3291
3293
3294
3296
3297
3299
3301
3302
3304
3306
3308
3310
3312
3314
3316
3319
3320
3321
3323
3325
3327
3329
3331
3333
3335
3337
3339
3341
3342
3344
3346
3348
3350
3353
3354
3356
3359
3362
3364
3366
3368
3370
3373
3376
3378
3380
3383
3385
3387
3389
3391
3393
3394
3396
3398
3399
3401
3403
3405
3407
3409
3411
3413
3414
3416
3418
3420
3422
3423
3427
3429
3431
3433
3435
3437
3439
3441
3443
3445
3447
3449
3451
3453
3456
3458
3459
3461
3463
3465
3468
3470
3472
3474
3476
3478
3480
3482
3484
3486
3488
3490
3494
3496
3498
3500
3502
3504
3506
3508
3510
3512
3514
3516
3518
3520
3522
3524
3525
3527
3529
3531
3533
3535
3537
3539
3541
3543
3545
3547
3549
3551
3553
3555
3556
3557
3559
3561
3563
3565
3567
3569
3571
3573
3575
3577
3579
3581
3583
3585
3587
3589
3591
3593
3595
3597
3599
3601
3603
3605
3607
3609
3611
3613
3615
3618
3620
3621
3623
3625
3627
3629
3631
3633
3635
3636
3638
3640
3642
3644
3646
3648
3649
3651
3653
3655
3657
3659
3663
3664
3666
3668
3670
3673
3675
3677
3679
3681
3683
3685
3687
3689
3691
3693
3695
3697
3699
3701
3703
3705
3707
3709
3711
3713
3715
3717
3719
3721
3723
3725
3728
3729
3731
3733
3735
3737
3740
3742
3744
3746
3748
3750
3752
3753
3756
3757
3759
3760
3762
3764
3766
3768
3770
3772
3775
3777
3779
3781
3783
3786
3788
3790
3792
3794
3796
3798
3800
3803
3805
3807
3809
3811
3814
3816
3818
3820
3822
3824
3826
3828
3830
3832
3834
3836
3838
3840
3842
3844
3845
3847
3849
3851
3853
3855
3857
3859
3861
3863
3865
3867
3869
3871
3873
3875
3877
3879
3881
3883
3885
3887
3889
3890
3892
3894
3896
3900
3902
3904
3906
3908
3911
3913
3915
3917
3919
3920
3922
3925
3927
3928
3930
3932
3934
3936
3938
3940
3943
3945
3947
3949
3951
3952
3954
3956
3957
3959
3961
3963
3965
3967
3969
3971
3972
3974
3976
3978
3980
3982
3984
3986
3988
3990
3992
3994
3996
3998
4000
4002
4004
4005
4007
4009
4012
4014
4016
4018
4020
4022
4024
4026
4028
4030
4032
4034
4036
4038
4040
4042
4044
4046
4048
4050
4052
4054
4055
4057
4059
4061
4062
4064
4066
4067
4069
4070
4072
4073
4076
4077
4081
4083
4085
4087
4089
4091
4093
4094
4097
4099
4101
4103
4105
4107
4108
4111
4113
4115
4117
4120
4122
4124
4126
4128
4130
4132
4134
4136
4138
4140
4143
4144
4146
4148
4150
4152
4154
4156
4158
4160
4162
4164
4166
4168
4170
4172
4174
4176
4177
4179
4182
4184
4186
4188
4191
4193
4195
4197
4199
4202
4204
4206
4208
4210
4212
4214
4216
4218
4220
4222
4224
4226
4229
4231
4233
4235
4237
4240
4242
4244
4246
4248
4250
4251
4252
4254
4256
4258
4260
4262
4264
4266
4269
4271
4273
4275
4277
4279
4281
4283
4284
4286
4288
4290
4292
4295
4296
4297
4299
4301
4303
4305
4307
4309
4311
4313
4315
4317
4319
4321
4323
4325
4327
4331
4332
4334
4336
4338
4339
4341
4343
4345
4347
4349
4351
4353
4355
4357
4359
4361
4362
4364
4366
4368
4370
4372
4375
4377
4379
4381
4383
4385
4387
4389
4391
4393
4395
4397
4399
4401
4403
4405
4407
4409
4410
4411
4413
4414
4416
4418
4421
4423
4425
4427
4429
4431
4433
4434
4435
4436
4437
4440
4442
4444
4446
4448
4450
4452
4454
4456
4458
4460
4462
4464
4466
4468
4470
4472
4473
4475
4477
4479
4480
4482
4484
4487
4489
4491
4493
4496
4498
4500
4502
4504
4506
4507
4510
4512
4514
4516
4518
4521
4523
4525
4526
4527
4528
4530
4532
4534
4536
4538
4541
4543
4545
4547
4549
4552
4553
4556
4557
4562
4564
4566
4568
4570
4572
4574
4576
4578
4579
4580
4581
4583
4584
4586
4587
4589
4591
4593
4595
4597
4599
4601
4603
4605
4607
4609
4611
4613
4615
4617
4619
4621
4623
4625
4627
4630
4632
4634
4636
4638
4640
4642
4644
4646
4648
4650
4652
4654
4656
4658
4660
4663
4665
4667
4669
4671
4673
4675
4677
4679
4681
4683
4685
4686
4688
4689
4691
4693
4695
4697
4700
4702
4703
4705
4707
4709
4711
4712
4714
4716
4718
4720
4723
4726
4728
4729
4731
4733
4735
4737
4739
4741
4743
4745
4747
4748
4750
4752
4754
4756
4758
4760
4762
4764
4766
4768
4770
4774
4776
4778
4780
4782
4783
4785
4787
4789
4791
4793
4795
4796
4798
4799
4801
4803
4805
4807
4809
4811
4813
4815
4817
4819
4821
4823
4825
4827
4829
4831
4833
4835
4837
4839
4841
4843
4845
4847
4850
4852
4854
4856
4858
4860
4862
4864
4865
4867
4869
4871
4873
4875
4877
4879
4881
4883
4885
4887
4889
4891
4893
4895
4897
4899
4901
4903
4905
4907
4909
4911
4913
4915
4917
4919
4922
4924
4926
4928
4930
4932
4934
4936
4938
4940
4942
4944
4946
4948
4950
4952
4953
4955
4957
4959
4961
4963
4965
4967
4969
4970
4973
4975
4977
4979
4981
4985
4986
4988
4989
4991
4994
4996
4998
5001
5003
5005
5007
5009
5011
5013
5015
5017
5019
5021
5024
5026
5028
5030
5032
5034
5036
5038
5039
5041
5043
5045
5047
5050
5052
5054
5055
5057
5059
5061
5063
5066
5068
5070
5072
5074
5076
5078
5080
5082
5084
5086
5088
5090
5092
5094
5096
5099
5101
5103
5105
5107
5109
5111
5113
5115
5117
5119
5121
5123
5125
5127
5129
5131
5133
5135
5137
5139
5141
5144
5147
5149
5152
5156
5158
5160
5162
5164
5166
5168
5170
5179
5181
5183
5185
5188
5190
5192
5194
5196
5198
5200
5202
5204
5207
5208
5209
5211
5213
5215
5217
5219
5221
5222
5223
5225
5227
5228
5230
5232
5234
5236
5238
5240
5242
5244
5246
5248
5249
5251
5253
5255
5257
5259
5261
5264
5265
5267
5269
5271
5275
5277
5279
5281
5283
5285
5287
5289
5291
5293
5295
5297
5300
5303
5305
5308
5310
5312
5315
5317
5319
5321
5323
5325
5327
5329
5331
5333
5335
5337
5338
5340
5342
5344
5346
5348
5350
5352
5354
5357
5359
5361
5363
5365
5367
5369
5371
5373
5375
5378
5380
5382
5384
5386
5388
5390
5392
5394
5396
5398
5400
5402
5404
5406
5408
5410
5412
5414
5416
5418
5420
5422
5423
5425
5427
5429
5431
5434
5437
5439
5441
5443
5444
5446
5448
5450
5453
5455
5457
5459
5461
5463
5465
5467
5469
5471
5473
5476
5479
5481
5483
5485
5488
5490
5492
5494
5496
5498
5500
5502
5504
5506
5508
5509
5511
5514
5516
5517
5519
5521
5523
5524
5526
5528
5530
5532
5534
5536
5538
5539
5541
5543
5545
5547
5549
5551
5553
5555
5557
5560
5562
5564
5566
5568
5570
5572
5574
5576
5578
5580
5582
5584
5586
5589
5591
5593
5595
5597
5599
5601
5603
5605
5607
5609
5611
5613
5615
5617
5620
5622
5624
5626
5628
5630
5632
5634
5636
5638
5639
5641
5643
5645
5646
5648
5650
5651
5653
5655
5656
5657
5659
5661
5663
5666
5668
5670
5672
5674
5676
5678
5680
5682
5684
5686
5688
5690
5692
5694
5696
5698
5700
5702
5704
5706
5708
5710
5711
5713
5715
5717
5719
5721
5722
5723
5725
5727
5729
5731
5733
5735
5737
5739
5741
5743
5745
5748
5751
5753
5755
5757
5759
5761
5764
5766
5768
5770
5772
5774
5778
5780
5782
5784
5786
5788
5791
5793
5795
5797
5799
5801
5803
5805
5807
5809
5811
5813
5815
5817
5821
5823
5825
5827
5829
5831
5833
5835
5837
5839
5841
5843
5845
5847
5849
5851
5853
5855
5857
5859
5861
5863
5865
5867
5869
5873
5875
5877
5878
5880
5882
5884
5886
5888
5890
5893
5895
5897
5899
5900
5902
5903
5905
5907
5909
5911
5913
5915
5917
5919
5921
5923
5925
5927
5929
5931
5933
5935
5938
5939
5941
5943
5945
5947
5948
5950
5952
5954
5956
5958
5960
5964
5966
5968
5970
5972
5975
5977
5979
5981
5983
5985
5987
5989
5991
5993
5995
5997
6000
6002
6004
6006
6008
6010
6012
6015
6017
6019
6021
6023
6025
6026
6028
6030
6032
6034
6036
6038
6040
6042
6044
6046
6048
6050
6052
6054
6056
6058
6060
6062
6064
6066
6068
6071
6073
6075
6077
6079
6081
6083
6085
6087
6090
6093
6095
6097
6099
6101
6103
6105
6107
6109
6111
6113
6116
6118
6120
6122
6124
6126
6128
6130
6132
6134
6136
6138
6140
6142
6144
6145
6148
6150
6152
6154
6156
6158
6160
6162
6164
6166
6168
6170
6172
6174
6176
6178
6182
6184
6186
6188
6190
6192
6194
6196
6197
6199
6201
6204
6206
6208
6209
6211
6213
6215
6217
6219
6221
6223
6225
6227
6229
6231
6233
6235
6238
6240
6242
6244
6246
6248
6250
6252
6254
6256
6258
6260
6263
6266
6268
6270
6272
6274
6276
6278
6280
6284
6286
6289
6292
6294
6296
6298
6300
6302
6304
6306
6308
6310
6312
6315
6317
6319
6321
6323
6324
6326
6328
6330
6332
6334
6336
6338
6340
6342
6345
6347
6349
6351
6353
6355
6357
6359
6361
6363
6365
6366
6368
6370
6372
6374
6375
6377
6379
6381
6383
6385
6387
6389
6392
6394
6396
6398
6400
6402
6404
6406
6408
6410
6412
6414
6417
6419
6421
6424
6426
6428
6430
6432
6433
6435
6436
6438
6440
6442
6444
6448
6449
6451
6453
6455
6457
6459
6461
6463
6465
6467
6469
6471
6473
6475
6476
6478
6480
6482
6484
6486
6488
6490
6492
6494
6496
6499
6501
6503
6505
6507
6509
6510
6512
6514
6516
6518
6520
6522
6525
6526
6528
6530
6532
6534
6535
6537
6539
6542
6545
6547
6549
6551
6552
6554
6556
6559
6561
6563
6568
6570
6572
6574
6577
6578
6580
6582
6584
6586
6588
6590
6592
6594
6596
6598
6600
6602
6604
6605
6607
6609
6611
6613
6616
6617
6619
6621
6623
6625
6627
6630
6632
6634
6640
6642
6646
6648
6650
6652
6654
6656
6658
6660
6662
6664
6666
6668
6671
6673
6675
6677
6679
6680
6681
6682
6684
6686
6688
6690
6692
6694
6696
6698
6700
6703
6705
6708
6710
6712
6714
6717
6719
6724
6726
6728
6729
6732
6734
6736
6738
6740
6742
6743
6745
6747
6748
6750
6752
6754
6757
6759
6761
6763
6765
6767
6769
6771
6773
6775
6778
6780
6782
6784
6786
6788
6790
6792
6794
6796
6798
6799
6801
6803
6805
6807
6809
6811
6813
6814
6816
6818
6820
6822
6825
6827
6829
6833
6835
6837
6838
6840
6842
6844
6846
6848
6850
6852
6853
6855
6857
6859
6862
6864
6866
6868
6870
6872
6874
6876
6878
6880
6882
6884
6886
6888
6890
6892
6893
6895
6897
6900
6902
6904
6907
6909
6911
6913
6915
6917
6919
6921
6924
6926
6928
6930
6932
6934
6936
6938
6940
6942
6944
6946
6948
6950
6953
6955
6958
6960
6962
6964
6966
6968
6971
6973
6974
6976
6983
6985
6987
6989
6992
6995
6997
7001
7003
7005
7007
7009
7011
7012
7014
7016
7017
7019
7021
7023
7025
7027
7029
7031
7034
7036
7038
7042
7044
7046
7048
7050
7052
7054
7056
7058
7060
7062
7064
7066
7068
7070
7072
7073
7075
7077
7079
7081
7083
7085
7087
7089
7091
7093
7094
7096
7098
7100
7102
7104
7106
7108
7109
7111
7113
7115
7116
7118
7121
7123
7125
7127
7129
7131
7133
7135
7137
7139
7142
7144
7145
7146
7148
7150
7152
7154
7156
7158
7160
7162
7164
7166
7168
7172
7174
7176
7178
7180
7182
7184
7186
7188
7190
7192
7195
7197
7199
7201
7203
7204
7206
7208
7210
7212
7215
7217
7218
7219
7221
7223
7225
7227
7229
7231
7233
7235
7237
7239
7241
7243
7244
7245
7247
7249
7253
7255
7257
7259
7261
7263
7265
7267
7269
7271
7273
7275
7277
7279
7281
7283
7285
7287
7289
7291
7292
7294
7296
7297
7299
7302
7305
7308
7310
7312
7314
7316
7318
7320
7321
7322
7325
7328
7329
7331
7334
7336
7337
7339
7340
7343
7345
7347
7349
7351
7353
7355
7357
7359
7361
7363
7365
7367
7369
7371
7373
7375
7378
7379
7381
7383
7385
7387
7389
7391
7392
7394
7396
7398
7400
7402
7404
7407
7409
7411
7413
7415
7417
7419
7421
7423
7425
7427
7429
7431
7433
7435
7440
7442
7444
7446
7448
7451
7453
7455
7457
7459
7461
7462
7464
7466
7468
7471
7473
7475
7477
7479
7481
7483
7485
7489
7491
7493
7495
7497
7502
7504
7507
7509
7511
7514
7518
7520
7522
7524
7526
7528
7530
7531
7534
7536
7538
7540
7542
7544
7546
7548
7550
7552
7553
7556
7558
7560
7562
7563
7564
7566
7568
7570
7571
7573
7577
7579
7581
7583
7584
7586
7589
7591
7593
7595
7597
7600
7602
7604
7606
7608
7610
7612
7614
7616
7618
7620
7624
7625
7627
7629
7631
7633
7635
7637
7638
7640
7643
7645
7647
7649
7651
7653
7654
7656
7658
7660
7662
7664
7667
7669
7670
7673
7675
7680
7682
7684
7687
7690
7692
7694
7696
7698
7700
7701
7703
7705
7707
7708
7711
7713
7715
7717
7719
7720
7722
7724
7726
7728
7731
7733
7736
7738
7740
7742
7744
7746
7748
7750
7752
7754
7756
7758
7760
7762
7764
7766
7769
7771
7772
7774
7776
7778
7780
7782
7784
7786
7788
7790
7792
7795
7797
7799
7801
7803
7804
7806
7808
7811
7813
7814
7816
7818
7819
7821
7822
7824
7826
7828
7830
7832
7834
7836
7839
7841
7843
7845
7847
7849
7851
7853
7855
7858
7860
7862
7864
7866
7868
7870
7872
7874
7876
7879
7881
7883
7886
7889
7891
7893
7894
7896
7901
7903
7905
7907
7909
7911
7913
7915
7917
7919
7922
7924
7926
7928
7932
7934
7936
7938
7940
7942
7944
7946
7948
7950
7952
7954
7956
7958
7960
7964
7966
7968
7970
7972
7975
7977
7980
7982
7984
7986
7988
7990
7992
7996
7998
8000
8002
8004
8006
8008
8010
8012
8014
8016
8018
8020
8022
8026
8027
8029
8031
8033
8035
8036
8039
8041
8043
8045
8047
8048
8050
8052
8054
8056
8058
8060
8066
8068
8070
8072
8074
8076
8078
8080
8082
8084
8086
8088
8090
8092
8094
8096
8098
8101
8104
8106
8108
8110
8113
8115
8117
8119
8121
8123
8124
8126
8128
8130
8132
8135
8137
8139
8141
8143
8145
8147
8149
8152
8154
8156
8158
8160
8162
8164
8166
8168
8170
8172
8173
8177
8179
8181
8183
8184
8186
8188
8191
8193
8195
8198
8200
8202
8203
8206
8208
8210
8212
8214
8217
8219
8221
8223
8225
8227
8229
8231
8233
8235
8238
8239
8241
8243
8245
8246
8247
8250
8252
8254
8256
8258
8261
8263
8265
8267
8269
8271
8273
8275
8277
8279
8281
8283
8285
8287
8289
8291
8295
8298
8300
8303
8305
8307
8309
8311
8313
8315
8317
8318
8320
8322
8325
8327
8331
8333
8335
8337
8339
8342
8344
8347
8349
8351
8353
8355
8357
8360
8362
8364
8366
8367
8369
8371
8373
8374
8376
8378
8380
8382
8384
8386
8388
8390
8392
8394
8396
8398
8400
8403
8405
8407
8409
8411
8413
8416
8418
8420
8422
8424
8426
8428
8430
8432
8434
8436
8438
8440
8442
8444
8445
8447
8449
8451
8453
8455
8457
8459
8461
8463
8465
8467
8469
8472
8476
8478
8480
8482
8484
8488
8491
8493
8495
8497
8499
8500
8502
8505
8508
8509
8511
8514
8517
8519
8521
8523
8526
8529
8532
8535
8537
8539
8541
8543
8544
8546
8548
8550
8552
8554
8556
8558
8560
8562
8564
8566
8568
8570
8572
8574
8577
8579
8581
8583
8585
8588
8591
8593
8595
8599
8600
8602
8603
8605
8607
8609
8612
8614
8616
8618
8620
8621
8624
8626
8628
8630
8632
8634
8636
8638
8640
8642
8644
8646
8650
8652
8654
8656
8658
8660
8662
8664
8666
8668
8670
8672
8674
8676
8679
8681
8683
8685
8687
8688
8690
8692
8694
8696
8698
8700
8702
8704
8706
8708
8709
8711
8713
8716
8718
8720
8724
8726
8729
8731
8733
8735
8737
8739
8741
8743
8744
8746
8748
8750
8752
8754
8757
8758
8760
8762
8767
8769
8771
8774
8776
8781
8783
8785
8787
8791
