c 13431 vertices
c 21999 edges
c 16234 edges after de-duplication
s vc 13431 6622
1
3
5
7
8
10
12
14
15
17
19
21
22
24
26
27
29
30
32
34
36
38
39
40
42
44
46
48
50
52
54
56
58
60
61
63
65
67
69
71
73
75
77
79
81
83
85
87
89
91
92
94
96
98
100
102
104
106
108
110
112
114
115
117
119
121
123
125
127
129
131
133
135
137
139
141
143
144
146
148
149
150
152
154
155
157
159
161
163
164
165
167
168
170
172
174
175
177
179
181
183
185
187
189
190
192
194
196
198
200
201
203
205
206
210
214
216
218
221
224
226
228
230
232
236
238
240
246
247
249
251
252
255
257
258
260
262
264
266
268
270
272
274
276
277
279
281
283
285
286
288
289
292
294
297
298
300
301
302
303
304
305
307
309
310
311
313
314
315
316
317
319
321
322
324
325
327
329
331
333
335
337
338
339
341
343
345
347
349
350
352
354
356
358
360
361
362
364
367
369
371
372
374
376
378
380
382
383
384
386
388
390
391
393
395
396
397
399
401
403
405
408
410
412
414
416
417
423
425
427
428
430
432
434
435
437
438
440
441
443
445
447
449
451
453
455
456
458
459
461
463
464
465
467
469
470
472
473
474
478
484
486
488
490
492
494
496
498
500
502
503
505
507
509
510
512
513
514
516
517
518
520
521
523
524
526
528
530
532
533
534
536
538
540
542
544
546
548
550
552
554
556
558
560
562
564
566
568
570
572
573
575
577
579
581
583
585
587
589
591
592
594
596
598
599
602
604
607
609
611
612
614
616
618
620
622
624
626
628
630
632
634
635
637
638
641
642
644
646
647
649
651
653
655
657
659
661
663
665
667
669
671
673
675
677
679
681
683
685
687
689
690
692
693
695
697
699
700
702
703
705
707
709
711
713
715
717
719
721
723
724
725
727
729
731
733
735
737
739
741
742
744
746
747
748
750
752
754
756
758
760
762
764
766
768
770
772
774
775
777
780
782
785
787
788
789
790
792
794
796
798
800
802
804
806
808
809
810
811
813
814
816
818
820
822
824
826
828
830
832
833
834
836
838
840
842
844
845
847
850
852
854
856
858
860
862
864
866
868
871
872
874
876
878
880
882
884
886
888
890
892
894
896
898
900
901
903
905
907
909
911
913
915
917
919
921
923
925
927
929
931
933
935
937
939
941
943
945
947
949
951
953
955
957
959
961
963
965
967
969
971
973
975
977
979
981
983
985
987
989
991
992
993
994
995
996
997
998
999
1000
1001
1002
1003
1004
1006
1008
1010
1012
1014
1016
1018
1020
1022
1024
1026
1028
1030
1032
1034
1036
1038
1040
1041
1042
1043
1044
1045
1046
1048
1050
1052
1053
1054
1055
1057
1059
1061
1063
1065
1067
1069
1071
1073
1075
1076
1078
1080
1082
1084
1086
1087
1088
1090
1091
1092
1099
1101
1104
1106
1108
1110
1112
1114
1116
1118
1119
1121
1123
1125
1127
1128
1129
1130
1132
1134
1136
1138
1140
1141
1143
1145
1147
1149
1151
1153
1155
1157
1159
1161
1163
1164
1166
1168
1170
1172
1173
1175
1177
1179
1181
1182
1184
1186
1189
1191
1193
1195
1197
1199
1200
1202
1203
1205
1207
1209
1211
1213
1215
1216
1218
1219
1221
1223
1225
1227
1229
1231
1233
1235
1237
1239
1241
1243
1247
1249
1251
1253
1255
1257
1258
1260
1262
1264
1267
1269
1270
1272
1274
1275
1277
1279
1281
1283
1284
1286
1288
1290
1292
1294
1296
1298
1299
1301
1303
1305
1307
1309
1310
1312
1313
1314
1316
1318
1319
1321
1322
1323
1324
1325
1326
1328
1330
1332
1334
1335
1337
1341
1345
1347
1351
1353
1354
1357
1361
1363
1364
1365
1366
1368
1370
1372
1374
1376
1378
1380
1382
1384
1386
1388
1390
1392
1393
1395
1397
1399
1401
1403
1405
1406
1408
1410
1412
1414
1415
1418
1419
1421
1422
1424
1426
1427
1429
1431
1433
1435
1437
1440
1442
1444
1446
1448
1450
1452
1454
1456
1458
1460
1461
1462
1463
1464
1465
1466
1467
1470
1472
1475
1477
1481
1483
1488
1492
1494
1495
1496
1498
1500
1502
1503
1505
1507
1509
1511
1512
1513
1515
1517
1519
1521
1522
1524
1525
1528
1530
1532
1534
1536
1537
1538
1539
1541
1542
1543
1545
1546
1548
1550
1552
1554
1556
1558
1559
1560
1562
1563
1564
1566
1568
1570
1572
1574
1576
1579
1581
1582
1584
1586
1587
1589
1591
1593
1595
1597
1599
1601
1603
1605
1607
1609
1611
1613
1615
1617
1619
1621
1623
1624
1626
1628
1630
1632
1634
1636
1638
1640
1642
1644
1646
1648
1650
1652
1654
1656
1658
1660
1662
1664
1666
1668
1670
1671
1674
1675
1677
1679
1681
1682
1684
1686
1688
1690
1692
1694
1696
1698
1700
1702
1704
1706
1708
1710
1712
1714
1716
1719
1721
1723
1725
1727
1729
1731
1733
1735
1737
1739
1741
1743
1745
1747
1749
1751
1752
1753
1755
1757
1759
1760
1761
1763
1764
1766
1768
1770
1772
1774
1776
1778
1779
1781
1783
1784
1786
1787
1789
1791
1793
1795
1796
1798
1800
1802
1804
1806
1808
1810
1812
1813
1815
1817
1819
1821
1822
1824
1826
1828
1830
1832
1834
1836
1838
1840
1842
1843
1844
1846
1848
1850
1851
1853
1854
1856
1858
1860
1862
1865
1866
1868
1870
1872
1874
1876
1878
1880
1882
1884
1886
1887
1889
1891
1893
1895
1897
1898
1900
1901
1903
1904
1905
1906
1907
1909
1910
1911
1912
1913
1914
1916
1918
1919
1921
1922
1924
1926
1928
1930
1931
1933
1934
1936
1938
1940
1942
1944
1945
1947
1949
1950
1952
1953
1955
1957
1959
1960
1961
1963
1965
1967
1969
1971
1972
1974
1977
1978
1981
1982
1984
1986
1988
1995
1998
2000
2002
2004
2006
2008
2010
2012
2014
2016
2018
2020
2022
2025
2027
2029
2031
2033
2035
2037
2039
2041
2043
2045
2047
2048
2049
2050
2052
2053
2054
2056
2059
2060
2067
2069
2071
2072
2073
2074
2076
2078
2080
2082
2084
2086
2088
2089
2091
2093
2095
2096
2098
2100
2102
2104
2106
2108
2110
2112
2114
2116
2118
2120
2122
2124
2126
2128
2130
2132
2133
2135
2136
2138
2140
2142
2144
2146
2148
2150
2152
2153
2155
2157
2159
2161
2162
2164
2166
2168
2170
2172
2174
2176
2178
2180
2182
2184
2186
2188
2190
2192
2194
2196
2198
2200
2202
2204
2206
2208
2210
2212
2214
2216
2218
2220
2222
2230
2234
2239
2243
2244
2247
2248
2249
2251
2252
2253
2254
2256
2258
2260
2262
2264
2266
2268
2270
2272
2274
2275
2277
2279
2281
2282
2283
2286
2288
2289
2291
2293
2295
2297
2299
2301
2303
2305
2306
2308
2310
2311
2312
2314
2316
2318
2319
2322
2324
2326
2328
2329
2331
2333
2334
2336
2338
2339
2341
2343
2344
2345
2347
2349
2352
2355
2357
2359
2361
2363
2365
2366
2368
2370
2372
2374
2375
2376
2378
2380
2382
2384
2386
2387
2389
2391
2393
2395
2397
2398
2400
2402
2404
2406
2408
2410
2412
2414
2416
2418
2420
2422
2424
2426
2428
2430
2432
2434
2436
2438
2440
2442
2444
2446
2448
2450
2452
2454
2456
2458
2460
2462
2464
2466
2467
2468
2470
2472
2474
2475
2477
2480
2481
2482
2484
2486
2488
2489
2491
2492
2494
2496
2499
2502
2506
2507
2509
2512
2514
2517
2519
2525
2528
2530
2531
2532
2533
2536
2538
2543
2544
2545
2547
2549
2551
2553
2555
2557
2558
2560
2561
2562
2563
2565
2567
2568
2570
2571
2572
2574
2576
2577
2579
2581
2583
2585
2587
2589
2591
2593
2595
2597
2599
2601
2603
2605
2606
2608
2614
2616
2618
2628
2631
2635
2637
2639
2641
2643
2645
2647
2648
2655
2656
2657
2658
2660
2662
2664
2666
2668
2670
2672
2674
2676
2678
2680
2682
2684
2686
2688
2690
2691
2693
2695
2698
2700
2702
2704
2705
2707
2709
2710
2712
2714
2716
2718
2720
2721
2723
2725
2727
2729
2731
2733
2735
2736
2738
2740
2742
2744
2746
2748
2751
2753
2754
2756
2758
2759
2761
2763
2765
2766
2768
2770
2772
2773
2775
2777
2778
2780
2782
2784
2785
2787
2788
2790
2792
2794
2796
2798
2800
2802
2804
2806
2808
2810
2812
2814
2816
2818
2819
2821
2823
2825
2827
2829
2831
2833
2834
2836
2838
2840
2842
2844
2846
2852
2853
2855
2857
2859
2861
2863
2865
2867
2869
2870
2873
2876
2878
2880
2882
2884
2885
2887
2889
2890
2891
2893
2895
2897
2899
2901
2903
2905
2906
2908
2910
2912
2914
2916
2918
2920
2922
2924
2925
2926
2928
2929
2931
2933
2935
2937
2939
2941
2943
2945
2947
2949
2951
2953
2954
2956
2958
2960
2962
2964
2966
2968
2970
2971
2973
2975
2977
2979
2982
2984
2986
2987
2989
2991
2993
2997
3000
3002
3004
3006
3008
3010
3012
3014
3016
3018
3020
3022
3024
3026
3028
3030
3032
3034
3036
3038
3040
3042
3044
3046
3048
3050
3052
3054
3056
3058
3060
3062
3064
3066
3068
3070
3072
3074
3076
3078
3080
3082
3084
3086
3088
3091
3098
3099
3101
3103
3105
3106
3107
3109
3111
3112
3114
3115
3116
3118
3120
3122
3123
3125
3127
3130
3132
3134
3136
3138
3140
3142
3144
3147
3149
3151
3153
3155
3156
3158
3159
3161
3163
3165
3167
3169
3171
3173
3175
3177
3179
3181
3183
3185
3187
3189
3191
3193
3195
3197
3198
3200
3202
3204
3205
3206
3208
3210
3212
3214
3216
3218
3220
3222
3225
3227
3229
3231
3233
3235
3237
3239
3240
3242
3244
3245
3247
3249
3251
3253
3254
3258
3260
3262
3264
3266
3268
3270
3272
3274
3276
3278
3280
3283
3285
3286
3288
3290
3292
3293
3296
3301
3304
3306
3307
3308
3309
3310
3312
3316
3318
3320
3322
3324
3325
3328
3330
3332
3334
3336
3338
3341
3343
3345
3346
3348
3350
3352
3354
3356
3358
3360
3362
3364
3366
3368
3370
3372
3374
3376
3378
3380
3382
3384
3386
3388
3390
3392
3394
3396
3399
3403
3404
3405
3406
3408
3410
3412
3414
3415
3417
3419
3420
3422
3424
3426
3428
3430
3432
3434
3436
3438
3439
3441
3444
3445
3447
3448
3449
3451
3453
3455
3457
3458
3460
3465
3467
3473
3474
3476
3479
3482
3487
3489
3491
3493
3496
3497
3498
3500
3501
3503
3505
3507
3508
3509
3511
3513
3515
3517
3519
3521
3523
3525
3527
3529
3531
3533
3535
3537
3539
3540
3542
3543
3545
3547
3549
3551
3553
3555
3557
3559
3561
3563
3564
3566
3568
3570
3572
3574
3576
3578
3580
3581
3583
3584
3585
3586
3588
3590
3592
3593
3595
3597
3598
3600
3601
3603
3605
3607
3609
3613
3615
3616
3618
3620
3622
3624
3626
3628
3630
3632
3634
3636
3638
3640
3641
3643
3645
3647
3649
3652
3655
3656
3658
3660
3661
3662
3664
3666
3668
3670
3672
3674
3676
3678
3680
3681
3682
3684
3686
3689
3692
3694
3696
3698
3700
3702
3704
3706
3708
3709
3711
3713
3715
3717
3719
3721
3723
3725
3727
3729
3731
3733
3735
3737
3738
3740
3742
3744
3746
3748
3750
3751
3753
3755
3757
3759
3761
3763
3765
3767
3768
3770
3771
3773
3775
3776
3778
3780
3782
3784
3786
3788
3790
3791
3793
3795
3797
3798
3800
3801
3803
3804
3806
3807
3811
3813
3815
3817
3819
3821
3823
3825
3827
3829
3831
3833
3835
3837
3839
3841
3843
3845
3847
3849
3851
3853
3855
3857
3859
3861
3863
3865
3869
3871
3873
3875
3877
3879
3881
3883
3885
3887
3889
3891
3892
3894
3895
3897
3899
3901
3903
3905
3907
3909
3911
3913
3915
3916
3918
3921
3923
3924
3926
3927
3929
3930
3932
3934
3935
3937
3939
3941
3943
3945
3947
3949
3950
3952
3954
3956
3957
3959
3960
3962
3964
3966
3968
3970
3971
3972
3974
3975
3977
3979
3981
3983
3985
3987
3989
3991
3993
3995
3997
3999
4001
4003
4004
4006
4008
4010
4012
4014
4016
4018
4020
4022
4024
4026
4027
4028
4032
4034
4035
4037
4043
4045
4048
4050
4052
4053
4055
4057
4059
4061
4063
4065
4067
4069
4071
4073
4075
4077
4079
4081
4083
4085
4090
4091
4093
4095
4097
4099
4101
4103
4105
4107
4109
4111
4113
4115
4117
4119
4121
4122
4124
4127
4129
4131
4133
4135
4138
4139
4140
4141
4143
4145
4147
4149
4151
4153
4155
4157
4159
4161
4162
4164
4166
4168
4169
4170
4173
4177
4179
4181
4183
4185
4187
4189
4191
4193
4195
4197
4198
4200
4201
4203
4205
4208
4210
4212
4214
4216
4218
4220
4222
4224
4226
4228
4230
4232
4234
4236
4238
4240
4242
4244
4246
4248
4250
4252
4254
4256
4257
4258
4259
4261
4265
4267
4268
4271
4273
4275
4277
4279
4281
4282
4284
4285
4287
4289
4291
4293
4295
4301
4306
4308
4310
4312
4314
4315
4316
4318
4320
4322
4324
4326
4328
4330
4332
4334
4336
4338
4340
4342
4344
4346
4348
4350
4352
4354
4356
4358
4360
4362
4364
4366
4368
4370
4372
4374
4376
4378
4380
4382
4384
4386
4388
4390
4392
4394
4396
4398
4400
4402
4404
4406
4408
4410
4411
4413
4415
4417
4419
4422
4424
4426
4428
4429
4431
4432
4434
4436
4438
4440
4442
4444
4446
4448
4450
4452
4454
4456
4458
4461
4463
4466
4467
4470
4473
4475
4477
4479
4481
4483
4485
4486
4488
4490
4494
4496
4498
4500
4502
4504
4506
4508
4510
4512
4514
4516
4518
4520
4522
4524
4525
4528
4530
4534
4535
4537
4542
4544
4547
4549
4550
4552
4554
4556
4558
4560
4562
4564
4566
4568
4570
4572
4574
4576
4578
4580
4582
4583
4585
4587
4590
4591
4593
4598
4600
4602
4604
4608
4610
4612
4613
4615
4616
4618
4620
4621
4623
4626
4628
4630
4632
4634
4636
4638
4640
4642
4644
4646
4648
4650
4652
4654
4656
4658
4660
4662
4664
4666
4668
4670
4672
4674
4676
4678
4680
4682
4684
4685
4687
4689
4691
4693
4695
4696
4698
4700
4702
4704
4706
4708
4710
4712
4713
4715
4717
4719
4721
4722
4724
4726
4727
4729
4731
4733
4735
4737
4739
4741
4743
4745
4747
4749
4751
4752
4755
4757
4759
4761
4762
4777
4779
4781
4783
4784
4786
4788
4789
4791
4793
4795
4797
4799
4801
4803
4805
4807
4809
4811
4813
4815
4817
4818
4820
4822
4824
4826
4828
4830
4832
4834
4836
4838
4840
4841
4843
4845
4847
4849
4851
4853
4855
4857
4859
4863
4864
4866
4868
4870
4873
4874
4876
4878
4879
4881
4883
4885
4886
4888
4889
4890
4892
4894
4895
4897
4899
4900
4902
4903
4905
4907
4909
4910
4912
4914
4916
4925
4927
4930
4931
4933
4934
4936
4937
4939
4941
4943
4945
4947
4949
4951
4953
4954
4955
4957
4959
4961
4963
4966
4967
4968
4969
4972
4973
4974
4977
4978
4980
4981
4982
4984
4985
4987
4988
4990
4992
4994
4996
4998
4999
5001
5002
5004
5006
5008
5010
5012
5014
5016
5018
5019
5020
5023
5025
5027
5029
5031
5032
5034
5035
5036
5038
5040
5041
5043
5045
5047
5049
5051
5052
5054
5056
5058
5060
5062
5064
5066
5068
5070
5072
5074
5076
5078
5080
5082
5083
5086
5088
5089
5090
5092
5094
5096
5098
5100
5102
5103
5105
5107
5108
5110
5112
5114
5116
5118
5120
5122
5124
5126
5128
5130
5132
5134
5136
5138
5140
5142
5143
5144
5145
5146
5148
5152
5154
5155
5158
5160
5165
5166
5168
5169
5171
5173
5174
5175
5179
5182
5183
5186
5189
5190
5191
5193
5195
5197
5199
5201
5203
5205
5207
5209
5211
5212
5213
5215
5217
5219
5221
5223
5225
5227
5229
5231
5232
5233
5234
5236
5237
5241
5243
5244
5245
5249
5251
5253
5255
5256
5257
5258
5259
5261
5263
5265
5267
5269
5271
5272
5274
5276
5277
5279
5280
5282
5284
5286
5288
5290
5292
5294
5296
5298
5300
5302
5304
5305
5307
5310
5312
5314
5316
5318
5320
5322
5324
5325
5327
5329
5331
5332
5334
5336
5338
5340
5342
5344
5346
5348
5350
5352
5354
5356
5358
5360
5362
5364
5365
5366
5368
5370
5372
5374
5376
5378
5380
5382
5384
5386
5388
5390
5391
5394
5396
5398
5400
5402
5406
5408
5410
5412
5414
5416
5418
5420
5422
5424
5426
5428
5430
5432
5433
5435
5437
5439
5441
5443
5445
5447
5449
5451
5454
5456
5458
5460
5461
5463
5467
5469
5471
5473
5475
5477
5479
5481
5483
5485
5487
5489
5490
5493
5495
5496
5498
5502
5504
5506
5508
5510
5512
5514
5517
5519
5521
5523
5525
5527
5529
5531
5533
5535
5537
5539
5541
5542
5547
5550
5552
5554
5557
5558
5560
5562
5564
5566
5569
5571
5573
5575
5577
5579
5581
5583
5585
5586
5588
5590
5592
5594
5596
5598
5600
5601
5603
5604
5605
5607
5609
5611
5613
5614
5615
5617
5619
5621
5623
5625
5627
5629
5631
5633
5635
5637
5639
5641
5643
5645
5647
5649
5651
5653
5654
5656
5658
5660
5662
5663
5665
5666
5668
5670
5672
5674
5676
5678
5680
5682
5684
5687
5689
5691
5693
5697
5699
5701
5703
5705
5707
5709
5711
5713
5714
5716
5718
5720
5722
5724
5726
5728
5730
5732
5734
5736
5738
5740
5742
5744
5746
5748
5750
5752
5753
5755
5757
5759
5760
5762
5764
5766
5768
5770
5772
5774
5778
5780
5782
5784
5786
5788
5790
5792
5795
5796
5798
5800
5802
5804
5806
5808
5810
5812
5814
5816
5818
5820
5822
5824
5826
5828
5830
5832
5834
5836
5838
5840
5841
5843
5846
5848
5851
5852
5854
5856
5858
5861
5862
5864
5866
5868
5869
5870
5871
5874
5876
5878
5879
5881
5883
5885
5887
5889
5891
5893
5895
5897
5899
5901
5902
5904
5906
5908
5910
5913
5915
5917
5918
5920
5922
5923
5925
5926
5928
5930
5932
5933
5936
5938
5940
5941
5942
5944
5946
5948
5949
5951
5953
5955
5958
5960
5961
5963
5965
5967
5969
5971
5973
5975
5977
5979
5981
5983
5985
5987
5988
5990
5992
5994
5996
5998
5999
6000
6004
6010
6013
6014
6018
6019
6023
6025
6030
6032
6034
6036
6038
6040
6042
6044
6046
6048
6050
6051
6052
6054
6056
6058
6060
6062
6064
6066
6068
6070
6072
6074
6076
6078
6080
6082
6084
6086
6088
6089
6091
6093
6095
6097
6099
6101
6103
6105
6107
6109
6111
6113
6115
6117
6119
6121
6123
6126
6128
6129
6131
6133
6135
6137
6139
6140
6142
6144
6146
6148
6150
6152
6154
6156
6158
6164
6165
6166
6167
6169
6171
6173
6174
6175
6176
6178
6180
6182
6184
6187
6189
6190
6195
6196
6199
6201
6203
6204
6206
6208
6210
6212
6214
6216
6218
6220
6222
6224
6229
6231
6233
6235
6237
6239
6242
6243
6244
6246
6248
6250
6252
6254
6256
6258
6260
6262
6264
6265
6266
6267
6268
6270
6271
6273
6275
6276
6278
6280
6282
6283
6285
6287
6288
6290
6291
6292
6293
6294
6296
6298
6300
6302
6304
6306
6308
6310
6312
6314
6316
6318
6320
6322
6324
6326
6332
6335
6337
6340
6342
6346
6347
6350
6352
6354
6356
6358
6360
6361
6363
6365
6367
6369
6370
6371
6373
6375
6377
6379
6381
6383
6385
6387
6389
6391
6393
6395
6397
6399
6402
6404
6406
6408
6410
6412
6414
6416
6418
6420
6422
6424
6426
6428
6430
6432
6434
6436
6438
6440
6442
6444
6445
6447
6449
6451
6453
6454
6456
6457
6462
6470
6472
6473
6474
6475
6477
6479
6481
6483
6485
6487
6489
6491
6493
6495
6497
6499
6501
6503
6505
6507
6509
6511
6513
6515
6517
6519
6521
6523
6525
6527
6529
6531
6532
6533
6535
6540
6542
6544
6548
6549
6551
6555
6557
6559
6565
6567
6569
6571
6572
6574
6576
6578
6580
6582
6584
6585
6587
6589
6591
6593
6595
6597
6599
6601
6602
6604
6606
6608
6610
6611
6615
6617
6619
6621
6623
6626
6629
6631
6633
6634
6635
6636
6637
6638
6639
6641
6642
6644
6646
6648
6650
6652
6654
6656
6658
6660
6662
6664
6666
6668
6670
6672
6674
6676
6678
6680
6682
6684
6686
6689
6691
6693
6695
6697
6699
6701
6703
6705
6707
6709
6711
6713
6715
6717
6719
6721
6723
6725
6727
6729
6731
6733
6735
6737
6739
6741
6743
6745
6747
6749
6751
6752
6753
6755
6758
6760
6762
6764
6766
6767
6768
6770
6772
6773
6777
6779
6780
6782
6784
6785
6787
6789
6794
6796
6798
6800
6802
6804
6806
6808
6810
6812
6813
6814
6816
6818
6822
6824
6826
6828
6830
6832
6834
6836
6838
6840
6841
6843
6844
6847
6849
6850
6852
6853
6857
6859
6861
6863
6865
6867
6868
6870
6872
6874
6876
6878
6880
6882
6884
6886
6888
6890
6892
6894
6896
6897
6899
6901
6902
6903
6904
6906
6911
6915
6917
6918
6920
6922
6924
6926
6928
6930
6932
6934
6938
6940
6942
6944
6946
6948
6950
6952
6954
6956
6957
6959
6961
6963
6965
6966
6968
6970
6972
6974
6976
6978
6980
6988
6991
6993
6995
6997
6999
7001
7003
7005
7006
7008
7010
7012
7014
7016
7018
7020
7022
7024
7026
7027
7029
7031
7033
7034
7036
7038
7040
7042
7043
7045
7047
7049
7051
7053
7055
7057
7059
7061
7063
7065
7067
7068
7071
7072
7074
7076
7078
7080
7081
7083
7093
7098
7101
7103
7105
7107
7109
7111
7113
7115
7117
7119
7121
7123
7125
7127
7130
7132
7134
7136
7138
7140
7142
7144
7145
7147
7149
7151
7153
7155
7157
7159
7161
7163
7165
7166
7168
7170
7171
7173
7174
7176
7178
7180
7182
7186
7190
7192
7194
7196
7198
7200
7202
7204
7206
7208
7210
7212
7213
7215
7217
7219
7221
7223
7225
7227
7229
7231
7233
7236
7238
7240
7242
7244
7246
7248
7250
7252
7254
7256
7258
7259
7261
7263
7265
7267
7269
7271
7273
7274
7276
7278
7279
7281
7283
7285
7287
7289
7291
7292
7294
7295
7297
7299
7301
7303
7305
7307
7309
7310
7312
7313
7315
7317
7319
7321
7323
7325
7327
7329
7331
7333
7335
7337
7338
7340
7342
7344
7346
7347
7349
7351
7352
7355
7357
7359
7361
7365
7367
7372
7374
7376
7378
7380
7382
7384
7386
7389
7391
7393
7395
7397
7399
7401
7403
7405
7407
7409
7411
7412
7414
7416
7419
7421
7423
7424
7426
7428
7430
7432
7434
7435
7437
7439
7441
7443
7445
7447
7449
7451
7453
7455
7457
7459
7461
7463
7466
7469
7470
7472
7474
7476
7478
7484
7486
7487
7494
7496
7498
7500
7502
7504
7506
7508
7509
7511
7513
7518
7520
7522
7524
7526
7528
7530
7534
7536
7539
7541
7543
7545
7547
7549
7551
7553
7555
7557
7559
7561
7564
7566
7568
7570
7572
7573
7575
7577
7579
7581
7583
7586
7588
7590
7592
7594
7596
7598
7600
7606
7608
7610
7612
7614
7617
7620
7623
7628
7630
7632
7635
7636
7638
7643
7645
7647
7649
7651
7653
7655
7657
7659
7661
7663
7665
7667
7669
7671
7673
7675
7677
7679
7681
7682
7685
7686
7687
7688
7689
7692
7694
7695
7696
7698
7700
7702
7704
7706
7708
7710
7712
7714
7716
7718
7720
7722
7724
7726
7728
7730
7732
7733
7735
7736
7738
7740
7742
7744
7746
7748
7750
7752
7754
7756
7758
7760
7762
7764
7766
7768
7770
7772
7774
7776
7778
7780
7782
7784
7786
7788
7790
7792
7794
7795
7797
7801
7802
7804
7806
7808
7810
7812
7814
7816
7818
7820
7822
7824
7826
7828
7830
7832
7834
7835
7840
7843
7845
7848
7851
7853
7855
7857
7858
7859
7861
7863
7865
7867
7869
7871
7873
7875
7877
7879
7881
7882
7884
7886
7888
7890
7892
7894
7896
7898
7900
7902
7904
7906
7908
7910
7912
7913
7915
7917
7919
7921
7923
7925
7926
7928
7930
7931
7933
7936
7938
7940
7941
7943
7945
7947
7949
7951
7953
7955
7957
7959
7961
7963
7965
7967
7968
7970
7972
7974
7975
7977
7979
7980
7982
7984
7986
7988
7990
7992
7994
7996
7997
7999
8001
8003
8005
8006
8008
8010
8012
8013
8015
8016
8018
8020
8022
8025
8027
8029
8037
8040
8042
8043
8045
8047
8049
8051
8053
8055
8057
8059
8061
8063
8065
8066
8068
8070
8072
8074
8076
8078
8080
8082
8083
8085
8087
8089
8091
8092
8094
8096
8098
8100
8102
8104
8106
8108
8110
8112
8114
8116
8118
8120
8122
8123
8124
8126
8128
8130
8132
8134
8136
8137
8139
8141
8142
8144
8146
8148
8150
8152
8154
8156
8158
8160
8162
8164
8166
8168
8169
8171
8173
8175
8177
8179
8181
8183
8185
8187
8189
8191
8193
8195
8197
8199
8201
8202
8205
8207
8209
8211
8213
8215
8217
8219
8221
8223
8225
8227
8229
8231
8233
8235
8237
8239
8241
8243
8245
8247
8249
8251
8253
8255
8260
8264
8272
8274
8275
8277
8279
8281
8283
8285
8287
8289
8291
8293
8295
8297
8299
8301
8303
8305
8306
8308
8310
8312
8314
8315
8317
8319
8321
8323
8325
8327
8329
8331
8333
8335
8337
8339
8340
8342
8344
8345
8347
8349
8350
8351
8353
8355
8357
8359
8361
8362
8364
8366
8368
8370
8372
8374
8377
8378
8380
8383
8389
8391
8393
8394
8397
8398
8400
8402
8406
8407
8410
8412
8416
8418
8420
8423
8428
8430
8431
8433
8436
8438
8440
8442
8444
8447
8449
8451
8453
8456
8458
8460
8462
8464
8467
8469
8470
8472
8474
8476
8478
8480
8482
8484
8486
8488
8490
8492
8494
8496
8498
8500
8501
8503
8505
8506
8507
8509
8511
8513
8516
8518
8520
8522
8524
8526
8528
8530
8532
8534
8536
8537
8539
8541
8543
8545
8547
8550
8552
8553
8556
8558
8559
8561
8564
8566
8568
8570
8572
8574
8576
8578
8580
8582
8583
8585
8586
8587
8589
8591
8593
8595
8597
8598
8600
8602
8604
8606
8608
8610
8612
8614
8616
8618
8619
8621
8623
8627
8630
8634
8636
8638
8640
8641
8643
8645
8647
8649
8651
8653
8655
8657
8659
8661
8663
8665
8667
8669
8671
8673
8674
8676
8678
8680
8682
8684
8685
8687
8689
8691
8693
8694
8696
8698
8700
8702
8704
8705
8707
8709
8710
8712
8714
8715
8717
8719
8721
8723
8725
8727
8728
8729
8731
8733
8735
8737
8739
8741
8743
8745
8747
8749
8751
8753
8755
8759
8761
8767
8769
8776
8778
8780
8782
8784
8786
8787
8789
8791
8793
8795
8797
8799
8801
8802
8804
8806
8807
8809
8811
8813
8815
8817
8820
8822
8824
8826
8828
8830
8831
8833
8835
8837
8839
8840
8842
8844
8846
8848
8849
8851
8853
8855
8857
8858
8860
8862
8864
8866
8868
8870
8872
8873
8876
8878
8880
8882
8883
8886
8888
8890
8892
8894
8896
8898
8900
8902
8904
8906
8908
8909
8911
8913
8914
8915
8917
8918
8920
8922
8923
8925
8926
8928
8930
8932
8934
8936
8938
8941
8943
8945
8947
8949
8951
8953
8955
8957
8959
8961
8963
8965
8967
8969
8971
8973
8975
8977
8979
8981
8983
8985
8987
8989
8991
8993
8995
8997
8999
9001
9003
9005
9007
9009
9010
9012
9014
9016
9018
9020
9022
9024
9026
9028
9030
9032
9034
9036
9038
9040
9042
9043
9045
9047
9048
9050
9052
9054
9057
9059
9061
9063
9066
9067
9069
9071
9073
9075
9077
9079
9081
9083
9085
9087
9089
9091
9093
9094
9097
9100
9101
9103
9104
9106
9108
9110
9112
9113
9115
9117
9119
9121
9122
9124
9126
9128
9130
9132
9134
9135
9137
9139
9141
9143
9145
9147
9148
9150
9152
9153
9155
9159
9161
9163
9165
9167
9169
9171
9173
9175
9177
9180
9183
9184
9186
9188
9190
9192
9194
9195
9197
9199
9201
9203
9205
9207
9209
9211
9213
9215
9217
9218
9220
9222
9223
9225
9227
9229
9231
9233
9234
9236
9237
9240
9242
9243
9245
9246
9247
9249
9252
9254
9256
9259
9267
9275
9279
9282
9285
9288
9290
9292
9293
9295
9297
9299
9301
9303
9305
9307
9309
9311
9313
9315
9317
9319
9321
9323
9325
9327
9330
9331
9333
9335
9337
9339
9341
9342
9344
9346
9349
9350
9352
9354
9356
9357
9359
9361
9363
9365
9366
9370
9372
9378
9380
9384
9386
9390
9393
9398
9400
9402
9404
9406
9408
9410
9411
9413
9417
9419
9421
9422
9426
9430
9432
9434
9436
9438
9440
9442
9444
9446
9448
9450
9453
9455
9457
9459
9461
9463
9465
9467
9469
9471
9473
9475
9477
9479
9481
9483
9485
9487
9489
9491
9493
9495
9497
9499
9501
9503
9504
9506
9508
9510
9512
9514
9516
9518
9520
9522
9524
9525
9527
9529
9531
9533
9535
9537
9539
9541
9543
9545
9547
9549
9551
9553
9555
9556
9558
9559
9561
9563
9565
9567
9569
9571
9573
9575
9577
9579
9581
9583
9584
9586
9588
9590
9591
9593
9595
9597
9599
9600
9601
9603
9605
9607
9609
9610
9612
9614
9616
9617
9619
9621
9623
9625
9627
9629
9631
9633
9635
9638
9639
9640
9642
9644
9646
9647
9649
9651
9653
9659
9661
9663
9665
9667
9669
9671
9673
9675
9677
9679
9681
9683
9685
9687
9689
9691
9693
9695
9696
9698
9700
9702
9704
9706
9709
9711
9713
9715
9716
9717
9718
9719
9721
9722
9724
9726
9728
9730
9732
9734
9736
9738
9740
9742
9744
9748
9751
9753
9756
9758
9760
9762
9764
9766
9769
9771
9773
9775
9779
9782
9783
9787
9788
9790
9792
9794
9796
9798
9800
9803
9805
9807
9809
9811
9812
9814
9816
9818
9820
9823
9829
9832
9834
9837
9840
9842
9847
9849
9851
9853
9854
9861
9862
9863
9864
9867
9872
9875
9878
9895
9897
9899
9901
9903
9905
9907
9909
9911
9913
9915
9917
9919
9920
9922
9924
9926
9927
9930
9932
9934
9935
9937
9938
9939
9941
9943
9945
9947
9949
9951
9953
9955
9957
9959
9961
9963
9965
9967
9969
9970
9971
9974
9975
9977
9979
9980
9982
9984
9986
9988
9995
10001
10003
10005
10008
10010
10012
10013
10015
10017
10019
10021
10023
10025
10027
10029
10033
10039
10041
10043
10045
10047
10049
10051
10052
10055
10057
10059
10062
10063
10067
10069
10070
10072
10074
10076
10077
10081
10083
10085
10086
10087
10089
10091
10093
10096
10098
10100
10101
10103
10105
10107
10109
10111
10113
10115
10117
10118
10119
10121
10123
10125
10127
10129
10131
10133
10135
10137
10139
10141
10144
10146
10148
10150
10152
10153
10155
10156
10157
10159
10161
10163
10165
10166
10168
10170
10172
10174
10175
10177
10179
10181
10183
10185
10187
10189
10191
10193
10194
10196
10199
10201
10203
10205
10207
10208
10210
10212
10214
10216
10218
10219
10220
10222
10224
10225
10227
10229
10231
10233
10234
10235
10237
10239
10240
10241
10243
10245
10247
10249
10251
10253
10254
10256
10258
10260
10262
10264
10266
10268
10270
10272
10274
10275
10277
10279
10281
10283
10285
10286
10288
10290
10292
10294
10295
10297
10299
10301
10303
10305
10307
10308
10321
10324
10326
10328
10334
10337
10339
10341
10343
10345
10347
10349
10351
10353
10356
10357
10359
10361
10362
10364
10368
10371
10374
10375
10377
10379
10381
10382
10384
10386
10388
10390
10393
10395
10399
10401
10403
10404
10407
10410
10412
10414
10417
10419
10421
10423
10425
10427
10428
10430
10432
10434
10436
10437
10440
10442
10443
10445
10448
10451
10454
10457
10459
10461
10463
10465
10467
10469
10470
10472
10474
10476
10478
10481
10483
10485
10487
10489
10491
10493
10495
10496
10497
10499
10501
10503
10505
10509
10514
10516
10517
10519
10523
10525
10529
10531
10535
10540
10542
10545
10547
10553
10556
10562
10564
10566
10569
10574
10576
10580
10582
10583
10585
10587
10589
10590
10592
10594
10603
10605
10607
10609
10612
10617
10623
10625
10626
10628
10629
10632
10634
10636
10638
10639
10641
10643
10646
10650
10653
10656
10658
10660
10661
10663
10664
10669
10671
10673
10675
10677
10679
10681
10683
10685
10686
10688
10690
10692
10694
10696
10698
10700
10702
10704
10706
10708
10710
10712
10714
10716
10718
10720
10722
10724
10726
10729
10731
10732
10736
10739
10742
10744
10746
10748
10750
10752
10754
10756
10758
10760
10762
10764
10766
10768
10770
10772
10774
10776
10778
10780
10782
10784
10786
10788
10790
10792
10794
10796
10798
10800
10802
10804
10806
10808
10810
10818
10819
10824
10826
10828
10830
10837
10839
10841
10842
10844
10846
10848
10850
10852
10854
10856
10859
10861
10863
10865
10867
10868
10870
10872
10874
10876
10878
10880
10882
10884
10889
10891
10893
10895
10897
10899
10901
10903
10905
10908
10910
10912
10914
10916
10918
10920
10922
10923
10925
10927
10929
10931
10933
10935
10937
10939
10941
10943
10946
10949
10953
10955
10961
10963
10965
10967
10969
10971
10973
10975
10977
10979
10981
10985
10987
10989
10991
10993
10995
10997
10999
11001
11003
11005
11007
11009
11011
11013
11015
11017
11018
11020
11022
11024
11026
11028
11030
11032
11034
11036
11039
11042
11044
11045
11046
11047
11052
11053
11055
11057
11059
11060
11063
11064
11065
11070
11072
11074
11080
11083
11085
11087
11089
11091
11093
11095
11097
11099
11101
11103
11105
11112
11113
11115
11116
11118
11120
11122
11124
11126
11128
11130
11132
11133
11135
11137
11139
11140
11142
11144
11146
11147
11149
11151
11153
11155
11157
11159
11160
11162
11164
11165
11166
11168
11170
11172
11174
11176
11178
11180
11182
11184
11186
11188
11189
11192
11194
11196
11198
11200
11202
11206
11210
11214
11216
11219
11225
11227
11229
11230
11232
11233
11234
11237
11238
11242
11244
11245
11247
11248
11252
11254
11256
11258
11260
11262
11264
11266
11268
11270
11272
11274
11276
11278
11281
11282
11285
11286
11289
11291
11293
11295
11296
11298
11300
11302
11306
11308
11309
11313
11322
11324
11326
11328
11329
11331
11334
11335
11337
11339
11341
11343
11345
11347
11349
11351
11352
11354
11355
11357
11359
11361
11363
11365
11367
11369
11371
11373
11375
11377
11378
11380
11382
11384
11389
11391
11393
11394
11396
11400
11401
11402
11404
11406
11410
11412
11416
11421
11423
11425
11427
11428
11429
11431
11433
11435
11437
11439
11441
11443
11445
11447
11449
11451
11453
11454
11456
11458
11460
11462
11464
11466
11467
11468
11470
11472
11473
11475
11476
11478
11480
11482
11484
11486
11487
11489
11490
11491
11493
11496
11498
11499
11500
11504
11508
11510
11512
11514
11524
11527
11530
11532
11534
11535
11538
11540
11541
11543
11545
11547
11549
11550
11552
11554
11556
11557
11559
11561
11563
11565
11567
11569
11571
11573
11575
11577
11579
11580
11582
11584
11586
11588
11591
11593
11595
11597
11598
11600
11602
11604
11606
11608
11610
11612
11614
11617
11619
11621
11623
11625
11626
11628
11630
11632
11634
11635
11636
11638
11639
11641
11643
11645
11647
11649
11651
11653
11655
11657
11659
11661
11663
11665
11667
11668
11670
11673
11676
11679
11682
11684
11687
11696
11698
11699
11701
11703
11705
11707
11709
11711
11713
11715
11717
11719
11722
11724
11726
11727
11729
11730
11732
11734
11735
11737
11739
11741
11743
11745
11746
11748
11750
11751
11754
11756
11758
11760
11761
11763
11765
11767
11768
11770
11772
11774
11776
11778
11780
11782
11784
11786
11788
11790
11792
11793
11795
11797
11799
11801
11802
11804
11806
11808
11810
11812
11814
11816
11818
11819
11821
11823
11825
11827
11829
11831
11833
11834
11836
11838
11840
11842
11844
11845
11847
11849
11851
11853
11855
11860
11863
11865
11867
11870
11873
11877
11879
11881
11883
11885
11887
11889
11891
11892
11894
11895
11897
11899
11900
11902
11904
11906
11908
11910
11912
11914
11916
11918
11920
11921
11923
11925
11926
11928
11930
11932
11934
11936
11938
11939
11941
11943
11944
11946
11948
11950
11952
11954
11956
11958
11960
11962
11963
11965
11966
11968
11970
11974
11978
11981
11985
11996
11998
12000
12004
12006
12008
12010
12012
12014
12016
12018
12020
12021
12023
12024
12026
12028
12030
12032
12033
12035
12037
12039
12041
12043
12045
12046
12048
12050
12051
12052
12054
12056
12058
12059
12061
12063
12065
12067
12069
12070
12072
12074
12076
12078
12079
12081
12083
12085
12087
12089
12091
12093
12095
12097
12099
12101
12103
12105
12107
12109
12111
12113
12115
12117
12119
12121
12124
12126
12128
12130
12132
12134
12136
12138
12140
12142
12144
12146
12148
12150
12152
12154
12155
12157
12159
12161
12162
12164
12165
12167
12168
12170
12172
12174
12176
12178
12180
12182
12184
12185
12187
12189
12190
12192
12193
12195
12197
12199
12201
12202
12204
12205
12207
12209
12211
12213
12215
12216
12218
12220
12222
12224
12226
12227
12229
12231
12233
12234
12236
12238
12240
12242
12244
12247
12249
12254
12257
12262
12265
12267
12268
12270
12272
12274
12276
12278
12280
12281
12283
12285
12289
12290
12293
12296
12298
12300
12302
12304
12306
12308
12310
12311
12313
12315
12317
12319
12321
12323
12325
12327
12329
12331
12333
12335
12337
12339
12341
12343
12345
12346
12348
12350
12352
12354
12356
12358
12363
12365
12367
12368
12370
12372
12374
12376
12378
12380
12382
12384
12386
12388
12390
12392
12394
12396
12399
12402
12403
12405
12407
12408
12413
12415
12416
12418
12421
12422
12424
12426
12428
12430
12432
12434
12436
12438
12440
12442
12444
12446
12448
12450
12452
12454
12455
12457
12459
12461
12464
12466
12468
12469
12472
12474
12475
12477
12479
12481
12483
12485
12487
12489
12491
12497
12499
12500
12502
12503
12505
12507
12509
12511
12512
12514
12516
12518
12520
12522
12524
12526
12527
12530
12532
12534
12536
12544
12546
12548
12551
12553
12555
12557
12559
12561
12562
12564
12566
12568
12570
12572
12574
12576
12578
12580
12582
12584
12586
12588
12590
12592
12594
12595
12597
12602
12604
12606
12609
12611
12613
12615
12617
12619
12621
12624
12626
12630
12633
12634
12635
12639
12642
12644
12647
12651
12656
12659
12661
12663
12666
12668
12675
12680
12685
12687
12689
12691
12693
12696
12702
12704
12707
12709
12713
12717
12722
12726
12730
12732
12734
12736
12740
12752
12755
12756
12758
12764
12774
12776
12777
12779
12781
12783
12785
12787
12789
12793
12795
12797
12799
12801
12803
12805
12807
12809
12811
12813
12814
12817
12819
12821
12822
12824
12826
12830
12836
12839
12841
12844
12848
12851
12853
12854
12856
12858
12860
12862
12865
12866
12867
12868
12870
12872
12874
12876
12878
12880
12883
12885
12886
12889
12891
12893
12895
12897
12899
12901
12903
12905
12907
12911
12913
12915
12917
12919
12926
12928
12930
12934
12939
12948
12951
12957
12963
12965
12967
12969
12971
12973
12976
12982
12984
12986
12991
12993
12997
12999
13003
13011
13015
13018
13023
13025
13028
13030
13032
13034
13036
13038
13041
13043
13045
13048
13053
13054
13056
13058
13060
13062
13064
13065
13067
13069
13072
13073
13077
13082
13089
13090
13093
13097
13108
13117
13119
13122
13124
13129
13140
13146
13149
13151
13156
13159
13162
13164
13166
13168
13169
13171
13177
13179
13181
13183
13185
13187
13188
13190
13192
13194
13196
13198
13200
13202
13204
13206
13208
13210
13212
13214
13216
13218
13220
13222
13224
13226
13227
13229
13231
13233
13235
13237
13239
13241
13243
13245
13247
13249
13251
13253
13255
13257
13259
13262
13264
13266
13268
13270
13272
13274
13276
13277
13279
13281
13282
13284
13286
13288
13290
13292
13294
13295
13297
13299
13300
13302
13304
13306
13308
13310
13312
13314
13316
13318
13320
13323
13325
13327
13329
13331
13333
13335
13338
13346
13348
13350
13351
13354
13357
13360
13366
13368
13372
13376
13380
13382
13384
13385
13398
13400
13404
13408
13412
13417
13420
13422
13424
13426
13428
