c 23541 vertices
c 51747 edges
c 34233 edges after de-duplication
s vc 23541 12082
1
3
5
7
8
9
10
12
14
16
17
18
20
22
24
25
27
29
31
33
35
36
37
39
41
43
45
47
49
51
53
54
56
58
59
61
62
64
66
68
70
72
74
75
77
79
81
83
85
87
89
90
92
94
96
97
100
102
104
107
109
111
113
114
116
118
119
120
122
123
124
126
127
129
130
131
132
133
135
137
139
140
142
144
146
148
149
151
153
154
157
158
160
162
164
166
168
170
172
173
175
177
178
180
182
183
185
187
189
190
192
194
196
197
199
200
201
203
205
207
209
211
213
215
217
219
221
223
224
226
228
230
232
234
236
238
240
242
244
246
248
249
250
252
253
255
257
259
260
262
264
266
268
270
272
274
276
278
280
282
283
285
287
289
291
292
294
295
297
299
301
303
305
307
309
311
312
314
316
318
320
322
323
325
327
328
329
330
331
332
333
335
336
337
339
341
342
343
344
346
347
349
350
351
353
355
357
359
360
361
363
365
366
367
368
370
372
373
374
376
378
380
382
383
385
387
389
390
392
393
394
395
397
399
400
401
402
404
405
407
408
410
412
415
417
419
421
423
425
426
427
428
430
432
434
436
438
440
441
442
444
446
448
449
451
453
455
457
459
461
463
464
466
468
469
470
471
473
475
477
478
480
482
484
486
488
490
492
494
496
497
499
501
503
505
507
508
510
512
514
516
518
520
521
522
524
526
527
529
531
533
535
537
539
541
543
545
547
548
550
551
552
554
555
556
558
560
562
564
566
568
570
571
573
574
576
578
580
582
584
585
587
588
589
591
593
595
597
599
600
602
603
604
605
606
608
610
612
614
616
617
619
621
622
624
626
627
628
629
631
633
634
636
638
640
642
644
646
648
650
651
653
655
656
658
660
661
662
663
665
667
668
670
672
674
676
678
680
681
683
685
686
688
689
690
692
694
695
697
698
699
700
702
704
706
707
708
710
712
714
716
718
719
721
723
725
727
729
731
733
735
737
739
741
743
745
747
749
751
752
754
756
757
759
761
763
766
767
769
771
773
775
776
778
780
782
784
787
789
791
793
795
796
798
800
801
803
805
806
808
809
811
813
815
816
818
820
822
824
826
828
830
832
834
835
837
839
841
842
844
846
847
849
851
852
854
856
858
860
862
864
866
868
870
872
874
875
877
879
881
883
885
887
889
891
892
894
896
898
900
902
903
905
906
908
910
911
913
915
917
919
920
922
924
925
927
929
931
933
935
937
938
939
941
943
945
947
948
950
952
954
956
958
960
962
964
966
967
969
971
973
975
977
979
981
983
985
987
989
991
993
995
996
998
999
1000
1002
1003
1004
1005
1007
1008
1010
1012
1014
1015
1017
1019
1021
1023
1025
1026
1027
1029
1031
1033
1034
1036
1037
1038
1039
1041
1042
1044
1045
1047
1048
1049
1051
1054
1056
1058
1059
1060
1062
1064
1065
1067
1070
1072
1074
1076
1078
1079
1081
1083
1085
1086
1088
1090
1092
1094
1096
1098
1100
1102
1104
1106
1108
1110
1111
1113
1115
1117
1119
1121
1123
1124
1126
1128
1130
1132
1134
1136
1138
1140
1141
1143
1145
1146
1148
1150
1152
1153
1155
1157
1159
1160
1161
1163
1164
1165
1167
1168
1170
1172
1174
1176
1177
1178
1180
1182
1184
1185
1186
1188
1189
1191
1193
1195
1197
1199
1200
1202
1204
1206
1209
1211
1212
1214
1217
1218
1220
1222
1224
1226
1228
1230
1232
1233
1234
1235
1237
1238
1240
1242
1246
1247
1249
1251
1253
1256
1257
1262
1265
1267
1269
1271
1272
1274
1276
1279
1281
1283
1285
1287
1289
1292
1294
1296
1298
1300
1302
1304
1306
1308
1310
1311
1313
1314
1316
1318
1321
1323
1325
1327
1329
1331
1333
1334
1336
1338
1340
1343
1345
1347
1349
1351
1353
1355
1357
1359
1361
1363
1365
1367
1369
1371
1372
1374
1376
1378
1380
1381
1383
1384
1386
1388
1390
1392
1394
1396
1397
1398
1401
1403
1405
1407
1409
1411
1413
1415
1416
1418
1420
1422
1424
1426
1428
1430
1432
1435
1436
1437
1439
1441
1443
1445
1448
1450
1452
1454
1455
1457
1459
1461
1462
1464
1465
1466
1467
1469
1471
1473
1475
1477
1481
1482
1484
1486
1488
1489
1491
1493
1495
1497
1499
1500
1503
1505
1507
1509
1511
1513
1515
1517
1519
1521
1523
1525
1527
1528
1530
1532
1534
1535
1537
1538
1539
1540
1541
1543
1545
1547
1549
1551
1553
1554
1556
1558
1560
1562
1565
1567
1569
1571
1572
1574
1576
1577
1579
1581
1583
1585
1589
1590
1591
1593
1594
1596
1597
1598
1600
1602
1604
1606
1607
1609
1611
1613
1615
1618
1620
1622
1624
1626
1628
1630
1632
1634
1636
1639
1640
1641
1642
1643
1646
1647
1649
1650
1651
1653
1654
1655
1656
1657
1659
1661
1662
1664
1665
1666
1667
1669
1670
1671
1672
1673
1675
1677
1679
1681
1682
1684
1685
1687
1689
1690
1692
1694
1696
1700
1702
1704
1706
1708
1709
1711
1713
1715
1716
1718
1719
1721
1723
1725
1726
1728
1729
1730
1732
1734
1736
1737
1739
1742
1744
1746
1749
1751
1753
1755
1757
1759
1760
1762
1764
1766
1768
1769
1771
1773
1774
1776
1778
1779
1781
1783
1784
1786
1788
1791
1793
1794
1796
1797
1798
1799
1801
1802
1804
1805
1806
1807
1809
1810
1812
1813
1814
1816
1818
1821
1823
1824
1826
1828
1830
1832
1833
1835
1837
1839
1840
1841
1842
1843
1845
1847
1850
1852
1854
1855
1858
1860
1862
1864
1866
1867
1869
1871
1873
1875
1878
1880
1881
1883
1885
1887
1889
1891
1893
1895
1897
1899
1900
1902
1904
1907
1908
1909
1910
1912
1915
1917
1919
1920
1922
1924
1927
1928
1929
1931
1933
1935
1937
1938
1939
1941
1943
1945
1947
1949
1951
1952
1954
1956
1957
1959
1960
1962
1964
1966
1968
1970
1972
1974
1976
1978
1980
1982
1984
1986
1987
1989
1991
1992
1993
1994
1996
1998
2000
2002
2004
2006
2008
2009
2010
2012
2014
2016
2018
2020
2023
2025
2027
2029
2031
2033
2035
2037
2039
2041
2043
2044
2046
2048
2050
2051
2052
2054
2055
2057
2059
2061
2062
2064
2065
2067
2068
2069
2071
2073
2075
2077
2078
2080
2082
2084
2085
2087
2088
2089
2090
2092
2094
2096
2098
2100
2103
2105
2107
2109
2110
2112
2114
2116
2118
2120
2122
2124
2126
2128
2130
2132
2134
2135
2136
2138
2139
2140
2141
2142
2144
2145
2147
2148
2149
2151
2153
2155
2156
2158
2159
2160
2162
2164
2166
2167
2168
2169
2171
2173
2175
2176
2177
2179
2181
2183
2185
2186
2188
2190
2192
2194
2196
2197
2199
2200
2202
2204
2206
2208
2209
2210
2211
2213
2215
2216
2217
2218
2219
2220
2222
2224
2226
2228
2230
2232
2234
2235
2236
2237
2239
2241
2243
2245
2248
2249
2250
2255
2258
2260
2262
2264
2265
2267
2268
2270
2272
2274
2275
2277
2279
2280
2282
2284
2286
2288
2290
2292
2293
2294
2295
2297
2299
2301
2302
2304
2306
2307
2309
2310
2311
2313
2315
2317
2319
2320
2321
2322
2324
2326
2328
2330
2332
2334
2336
2338
2340
2341
2342
2344
2346
2348
2350
2352
2353
2355
2357
2359
2360
2362
2363
2365
2367
2369
2370
2372
2374
2376
2378
2380
2382
2385
2387
2389
2391
2392
2393
2394
2395
2397
2400
2402
2404
2405
2407
2409
2410
2412
2414
2417
2418
2420
2422
2424
2426
2428
2430
2432
2434
2436
2438
2440
2441
2443
2444
2446
2448
2449
2450
2451
2452
2453
2455
2457
2458
2460
2462
2463
2464
2466
2468
2470
2472
2473
2475
2477
2478
2480
2481
2482
2484
2486
2488
2490
2491
2493
2494
2496
2497
2499
2500
2502
2504
2506
2507
2510
2511
2513
2514
2516
2518
2519
2521
2523
2525
2527
2529
2530
2532
2534
2536
2538
2540
2542
2543
2545
2546
2548
2550
2552
2554
2556
2558
2560
2561
2563
2564
2566
2568
2571
2572
2574
2576
2578
2580
2582
2584
2585
2586
2588
2591
2594
2595
2598
2600
2602
2604
2606
2608
2610
2612
2614
2616
2618
2620
2622
2624
2626
2627
2629
2631
2633
2635
2637
2639
2641
2644
2646
2648
2649
2651
2653
2655
2657
2659
2661
2662
2663
2665
2667
2669
2671
2673
2674
2675
2677
2679
2681
2683
2685
2687
2689
2691
2693
2694
2696
2697
2698
2699
2702
2704
2705
2706
2707
2708
2709
2710
2711
2712
2713
2714
2715
2716
2718
2720
2722
2723
2724
2725
2727
2729
2732
2734
2736
2738
2740
2741
2743
2745
2747
2748
2749
2750
2752
2754
2756
2757
2759
2761
2763
2764
2766
2768
2772
2773
2774
2776
2778
2780
2781
2783
2785
2787
2788
2789
2790
2792
2794
2796
2797
2798
2800
2801
2804
2806
2807
2809
2811
2813
2814
2815
2817
2818
2820
2823
2825
2827
2829
2831
2833
2834
2835
2837
2839
2841
2843
2844
2845
2847
2849
2851
2853
2855
2857
2859
2861
2863
2865
2867
2869
2871
2872
2873
2875
2877
2879
2881
2883
2885
2886
2888
2889
2890
2892
2894
2896
2898
2900
2902
2904
2906
2908
2910
2912
2914
2916
2918
2920
2922
2923
2925
2926
2927
2929
2931
2932
2934
2936
2938
2940
2942
2943
2945
2947
2949
2951
2952
2954
2955
2957
2959
2961
2962
2963
2964
2965
2967
2969
2971
2972
2973
2974
2976
2978
2980
2981
2982
2984
2986
2987
2988
2989
2990
2992
2994
2996
2998
3000
3001
3003
3005
3007
3009
3010
3012
3013
3014
3015
3017
3019
3020
3022
3023
3026
3028
3030
3032
3034
3036
3038
3040
3042
3044
3047
3049
3051
3053
3056
3058
3060
3061
3063
3066
3067
3069
3070
3072
3073
3075
3077
3079
3081
3082
3084
3086
3087
3089
3091
3093
3095
3097
3098
3099
3101
3103
3105
3107
3109
3111
3112
3114
3117
3120
3122
3124
3127
3129
3131
3133
3135
3137
3139
3141
3142
3143
3145
3146
3148
3150
3151
3154
3156
3158
3160
3162
3164
3166
3168
3170
3172
3174
3176
3178
3180
3182
3184
3186
3188
3190
3192
3194
3196
3198
3199
3201
3203
3205
3207
3209
3211
3212
3214
3216
3218
3219
3220
3221
3222
3223
3224
3225
3226
3228
3230
3235
3236
3237
3239
3242
3243
3245
3247
3249
3251
3252
3254
3256
3258
3259
3262
3264
3265
3266
3268
3270
3272
3274
3276
3278
3280
3282
3284
3286
3288
3290
3291
3293
3295
3298
3299
3300
3301
3302
3304
3306
3307
3309
3310
3312
3314
3316
3318
3320
3322
3324
3327
3329
3331
3333
3335
3337
3341
3342
3344
3346
3347
3350
3352
3354
3355
3357
3359
3361
3363
3366
3368
3370
3371
3372
3373
3375
3376
3377
3379
3380
3382
3384
3386
3388
3390
3392
3393
3395
3396
3399
3401
3402
3404
3406
3408
3410
3411
3413
3415
3417
3419
3421
3423
3425
3427
3429
3430
3432
3434
3435
3436
3438
3439
3441
3443
3444
3446
3448
3450
3451
3453
3455
3457
3460
3462
3464
3466
3467
3469
3472
3474
3476
3478
3480
3482
3484
3486
3487
3489
3491
3493
3495
3496
3498
3499
3500
3501
3503
3505
3507
3510
3512
3514
3516
3518
3520
3522
3524
3526
3528
3530
3531
3532
3534
3536
3538
3539
3541
3543
3545
3546
3548
3550
3552
3555
3557
3558
3559
3561
3563
3564
3565
3567
3569
3571
3573
3575
3577
3578
3580
3582
3584
3586
3589
3592
3594
3596
3598
3599
3601
3603
3605
3606
3608
3610
3611
3612
3614
3615
3617
3619
3621
3623
3625
3627
3629
3630
3632
3633
3635
3636
3637
3638
3640
3643
3644
3645
3647
3648
3649
3650
3652
3653
3654
3656
3657
3658
3660
3661
3663
3665
3667
3669
3671
3673
3675
3677
3680
3681
3683
3685
3687
3688
3691
3693
3695
3696
3698
3700
3702
3703
3705
3707
3709
3710
3711
3712
3714
3715
3717
3719
3720
3722
3724
3726
3727
3729
3730
3732
3734
3737
3739
3740
3742
3744
3747
3748
3750
3752
3753
3754
3755
3756
3758
3760
3761
3763
3766
3767
3769
3771
3773
3775
3777
3779
3780
3782
3784
3785
3786
3787
3788
3790
3793
3795
3796
3798
3800
3802
3804
3805
3806
3808
3810
3812
3814
3815
3817
3819
3823
3825
3827
3829
3831
3833
3835
3836
3838
3840
3841
3843
3844
3845
3846
3847
3850
3852
3854
3855
3857
3858
3860
3861
3862
3863
3864
3867
3869
3872
3874
3876
3878
3879
3881
3883
3885
3887
3889
3891
3893
3894
3896
3897
3899
3901
3903
3905
3907
3908
3910
3911
3913
3914
3915
3916
3918
3919
3923
3925
3926
3927
3929
3931
3933
3935
3938
3940
3943
3945
3947
3952
3954
3956
3958
3960
3961
3963
3965
3967
3968
3970
3972
3974
3975
3976
3977
3979
3980
3982
3983
3985
3987
3989
3991
3992
3994
3996
3997
3999
4001
4003
4005
4007
4009
4011
4012
4014
4015
4022
4024
4026
4027
4028
4030
4032
4034
4036
4038
4040
4042
4043
4046
4049
4051
4053
4055
4056
4058
4060
4061
4063
4065
4067
4068
4069
4070
4071
4073
4075
4076
4077
4079
4081
4083
4085
4086
4088
4090
4091
4095
4097
4099
4102
4103
4105
4106
4107
4109
4110
4112
4113
4114
4116
4118
4120
4122
4124
4126
4128
4130
4132
4134
4136
4138
4140
4142
4144
4146
4148
4150
4152
4153
4155
4157
4160
4162
4165
4167
4168
4170
4171
4173
4174
4176
4178
4180
4182
4184
4185
4186
4188
4190
4191
4193
4194
4196
4198
4199
4200
4201
4202
4203
4205
4207
4209
4211
4214
4216
4218
4221
4223
4224
4225
4226
4227
4228
4229
4231
4233
4235
4236
4237
4239
4241
4243
4245
4247
4248
4249
4251
4252
4253
4255
4257
4259
4261
4263
4265
4267
4269
4270
4271
4275
4277
4279
4281
4283
4284
4288
4289
4291
4293
4294
4296
4298
4300
4302
4304
4307
4308
4311
4313
4315
4317
4319
4321
4323
4325
4327
4329
4331
4333
4334
4336
4337
4338
4340
4342
4344
4345
4346
4347
4349
4351
4354
4355
4357
4358
4360
4361
4363
4364
4365
4367
4369
4371
4373
4375
4377
4379
4381
4383
4385
4386
4387
4389
4391
4393
4395
4397
4399
4400
4402
4403
4405
4407
4408
4410
4412
4414
4415
4417
4419
4421
4423
4425
4427
4429
4431
4432
4434
4436
4438
4439
4441
4443
4445
4446
4448
4450
4452
4454
4456
4458
4460
4462
4464
4467
4469
4471
4472
4473
4475
4477
4478
4480
4481
4482
4484
4485
4486
4487
4488
4490
4492
4493
4494
4496
4498
4499
4500
4502
4503
4504
4505
4507
4508
4510
4512
4513
4514
4515
4517
4518
4519
4520
4522
4524
4526
4527
4529
4530
4531
4533
4535
4537
4539
4540
4541
4542
4545
4546
4547
4548
4549
4551
4552
4554
4556
4558
4559
4560
4562
4564
4565
4567
4569
4572
4574
4576
4578
4579
4581
4583
4585
4586
4587
4589
4591
4594
4596
4599
4600
4602
4606
4609
4611
4612
4615
4617
4619
4620
4622
4624
4626
4628
4630
4632
4634
4636
4638
4640
4642
4643
4645
4647
4648
4651
4652
4653
4655
4657
4659
4661
4662
4664
4666
4668
4670
4672
4674
4677
4679
4680
4682
4684
4685
4687
4688
4689
4690
4691
4692
4696
4698
4699
4701
4706
4708
4710
4711
4714
4715
4717
4719
4720
4722
4724
4726
4729
4731
4733
4735
4736
4738
4739
4741
4742
4744
4746
4747
4749
4751
4753
4755
4757
4759
4761
4763
4765
4767
4768
4769
4771
4773
4775
4777
4778
4780
4782
4783
4785
4787
4792
4794
4796
4798
4800
4802
4803
4805
4807
4809
4811
4813
4815
4817
4819
4821
4823
4825
4827
4829
4831
4832
4834
4836
4838
4840
4842
4843
4845
4846
4847
4849
4851
4853
4855
4857
4858
4860
4861
4863
4864
4866
4868
4869
4871
4873
4875
4877
4880
4882
4885
4887
4889
4891
4893
4895
4897
4899
4900
4902
4904
4905
4906
4907
4909
4911
4913
4915
4916
4918
4920
4922
4924
4926
4928
4930
4932
4935
4936
4937
4939
4941
4943
4945
4946
4947
4948
4949
4951
4953
4955
4958
4960
4961
4962
4964
4966
4968
4970
4972
4974
4976
4978
4981
4983
4984
4987
4989
4992
4995
4996
4997
4998
5000
5002
5004
5005
5007
5009
5010
5011
5013
5015
5017
5018
5020
5022
5025
5026
5028
5030
5032
5034
5036
5038
5040
5041
5043
5045
5047
5049
5051
5052
5054
5056
5058
5060
5062
5064
5066
5068
5070
5071
5073
5075
5077
5078
5080
5082
5084
5086
5088
5090
5094
5096
5097
5099
5101
5103
5105
5106
5108
5109
5111
5113
5115
5117
5118
5120
5122
5124
5126
5127
5128
5129
5130
5131
5133
5135
5137
5139
5140
5142
5144
5146
5148
5152
5154
5156
5158
5160
5162
5164
5166
5171
5174
5176
5178
5180
5182
5186
5188
5191
5193
5195
5197
5199
5202
5204
5206
5208
5210
5212
5213
5216
5217
5218
5219
5221
5224
5225
5227
5229
5232
5233
5234
5236
5237
5238
5240
5242
5243
5245
5247
5249
5251
5253
5255
5257
5259
5261
5262
5263
5265
5267
5269
5271
5275
5277
5279
5282
5284
5286
5288
5289
5291
5293
5294
5295
5297
5299
5301
5303
5304
5305
5307
5309
5311
5314
5315
5317
5319
5321
5324
5326
5328
5330
5333
5335
5337
5339
5340
5342
5343
5345
5346
5356
5358
5359
5361
5363
5365
5367
5369
5370
5371
5373
5375
5377
5379
5381
5383
5385
5386
5388
5390
5392
5394
5396
5398
5400
5402
5404
5406
5410
5412
5414
5415
5417
5419
5421
5423
5424
5426
5428
5430
5432
5434
5436
5438
5439
5441
5443
5444
5445
5446
5448
5450
5452
5453
5455
5457
5459
5460
5461
5462
5464
5466
5468
5469
5471
5473
5475
5477
5478
5479
5481
5482
5484
5485
5487
5488
5489
5491
5493
5495
5496
5497
5498
5500
5502
5503
5505
5507
5509
5511
5513
5515
5517
5519
5521
5522
5525
5527
5530
5532
5534
5536
5538
5540
5542
5543
5545
5547
5549
5550
5551
5553
5555
5557
5559
5560
5561
5562
5564
5565
5567
5568
5570
5572
5574
5576
5578
5580
5582
5584
5586
5587
5589
5591
5593
5594
5596
5598
5599
5601
5603
5605
5607
5609
5611
5613
5615
5617
5618
5620
5621
5623
5625
5627
5628
5630
5632
5634
5636
5638
5640
5641
5642
5644
5645
5646
5648
5650
5652
5654
5655
5656
5658
5660
5662
5663
5665
5667
5668
5669
5671
5673
5675
5677
5679
5681
5683
5685
5687
5688
5689
5691
5693
5695
5696
5698
5700
5702
5703
5705
5707
5709
5711
5713
5714
5717
5718
5720
5721
5723
5725
5727
5729
5731
5733
5735
5738
5739
5741
5742
5746
5747
5749
5751
5753
5755
5758
5759
5760
5762
5764
5765
5767
5768
5770
5772
5774
5776
5778
5779
5781
5783
5785
5787
5788
5790
5792
5794
5796
5798
5800
5802
5804
5806
5808
5810
5812
5814
5817
5819
5821
5823
5825
5827
5828
5830
5832
5836
5838
5839
5840
5842
5844
5846
5848
5849
5851
5852
5855
5857
5858
5860
5862
5863
5864
5866
5868
5869
5870
5873
5875
5876
5879
5881
5882
5884
5886
5887
5889
5890
5891
5893
5895
5897
5900
5902
5903
5905
5907
5909
5910
5911
5913
5914
5916
5918
5920
5922
5924
5925
5926
5927
5929
5931
5933
5935
5936
5937
5939
5941
5942
5944
5946
5948
5950
5952
5954
5956
5958
5960
5962
5963
5965
5967
5969
5971
5973
5975
5977
5979
5981
5983
5985
5987
5988
5989
5991
5993
5995
5997
5998
6000
6002
6004
6007
6008
6010
6012
6014
6020
6022
6024
6026
6028
6030
6032
6034
6036
6037
6038
6040
6042
6044
6045
6047
6049
6051
6053
6055
6057
6059
6060
6062
6064
6066
6067
6069
6071
6073
6074
6076
6077
6080
6082
6084
6086
6088
6090
6092
6093
6094
6095
6098
6100
6102
6104
6106
6108
6110
6113
6114
6115
6117
6118
6120
6122
6123
6125
6127
6129
6131
6133
6135
6137
6139
6141
6143
6145
6147
6149
6151
6153
6155
6157
6158
6159
6160
6162
6165
6166
6169
6172
6174
6176
6179
6181
6183
6185
6187
6189
6191
6192
6195
6197
6198
6200
6202
6204
6206
6209
6210
6212
6214
6215
6216
6217
6218
6221
6223
6225
6227
6228
6230
6231
6234
6236
6238
6240
6242
6244
6246
6248
6249
6250
6253
6255
6256
6258
6260
6262
6264
6266
6267
6269
6271
6272
6274
6276
6278
6279
6280
6282
6284
6286
6288
6289
6290
6291
6293
6295
6296
6297
6299
6301
6303
6305
6307
6309
6310
6312
6314
6315
6316
6319
6322
6324
6326
6328
6330
6331
6332
6334
6335
6337
6339
6341
6342
6343
6345
6347
6348
6350
6351
6353
6355
6357
6359
6361
6362
6363
6365
6367
6369
6371
6373
6375
6377
6379
6381
6383
6385
6387
6389
6391
6393
6395
6397
6399
6401
6403
6404
6406
6409
6411
6413
6414
6416
6418
6419
6421
6423
6425
6427
6429
6432
6436
6437
6439
6440
6442
6443
6445
6447
6449
6451
6452
6456
6458
6459
6461
6463
6464
6466
6468
6470
6472
6474
6476
6478
6479
6481
6483
6485
6487
6489
6491
6492
6494
6496
6498
6500
6502
6504
6506
6508
6511
6512
6514
6516
6518
6520
6522
6524
6526
6528
6530
6532
6535
6537
6539
6541
6543
6545
6548
6551
6553
6555
6557
6559
6561
6563
6565
6568
6569
6571
6572
6574
6576
6578
6582
6584
6586
6588
6590
6592
6594
6595
6597
6599
6601
6603
6604
6606
6610
6612
6614
6616
6618
6620
6622
6624
6627
6628
6630
6633
6635
6637
6639
6641
6643
6644
6646
6649
6650
6652
6654
6655
6657
6659
6661
6662
6663
6665
6667
6669
6670
6674
6676
6678
6680
6681
6683
6685
6687
6688
6689
6692
6693
6696
6698
6700
6703
6704
6707
6709
6711
6712
6714
6716
6719
6722
6724
6725
6727
6729
6731
6733
6735
6736
6738
6740
6742
6743
6745
6747
6749
6751
6753
6755
6757
6759
6761
6762
6764
6765
6767
6769
6771
6772
6774
6776
6778
6780
6782
6784
6785
6787
6791
6792
6794
6796
6798
6800
6803
6805
6807
6808
6809
6810
6812
6814
6816
6818
6820
6822
6824
6826
6828
6829
6830
6831
6832
6833
6835
6836
6838
6839
6840
6842
6844
6846
6848
6850
6853
6856
6857
6860
6862
6864
6865
6868
6870
6872
6874
6875
6877
6878
6880
6882
6884
6885
6887
6889
6891
6893
6895
6896
6897
6899
6901
6902
6903
6905
6907
6908
6911
6912
6914
6916
6918
6920
6922
6924
6926
6928
6930
6932
6934
6936
6938
6940
6942
6944
6946
6953
6955
6957
6959
6961
6962
6964
6966
6968
6970
6971
6972
6973
6974
6976
6978
6980
6982
6984
6986
6988
6989
6990
6992
6993
6995
6997
6999
7000
7002
7003
7006
7007
7010
7012
7014
7016
7018
7020
7023
7025
7027
7029
7030
7032
7033
7034
7035
7037
7039
7041
7042
7044
7045
7047
7048
7050
7051
7053
7054
7055
7056
7058
7060
7061
7063
7064
7066
7068
7070
7071
7072
7073
7076
7078
7079
7081
7083
7084
7086
7088
7090
7092
7094
7096
7098
7099
7100
7101
7103
7104
7106
7108
7110
7112
7113
7114
7116
7118
7120
7123
7125
7127
7129
7131
7133
7135
7136
7139
7140
7141
7142
7144
7146
7148
7149
7151
7152
7153
7155
7157
7158
7159
7162
7166
7169
7171
7172
7176
7178
7180
7181
7182
7184
7186
7188
7190
7192
7194
7196
7198
7199
7201
7202
7204
7206
7208
7209
7211
7212
7215
7217
7220
7223
7225
7229
7232
7234
7236
7238
7242
7243
7245
7247
7248
7250
7252
7254
7255
7257
7259
7261
7263
7264
7266
7268
7270
7271
7273
7275
7277
7279
7280
7281
7282
7283
7285
7287
7288
7290
7292
7295
7296
7298
7300
7302
7304
7305
7306
7307
7309
7311
7313
7316
7318
7320
7321
7323
7324
7326
7328
7330
7331
7332
7333
7335
7337
7338
7340
7342
7344
7346
7347
7349
7351
7354
7355
7357
7358
7361
7363
7366
7368
7370
7372
7376
7378
7380
7382
7384
7386
7388
7389
7391
7392
7394
7396
7398
7400
7402
7405
7407
7409
7411
7413
7415
7417
7419
7421
7423
7425
7427
7429
7430
7432
7434
7435
7437
7439
7441
7443
7445
7446
7447
7448
7449
7452
7454
7456
7458
7460
7462
7464
7466
7470
7472
7473
7475
7477
7479
7481
7482
7484
7486
7488
7489
7490
7492
7494
7496
7498
7500
7502
7504
7505
7506
7508
7510
7512
7514
7516
7518
7520
7522
7523
7524
7526
7528
7530
7532
7533
7535
7537
7538
7540
7541
7543
7544
7545
7547
7549
7550
7551
7553
7555
7557
7559
7561
7563
7566
7568
7570
7571
7575
7576
7578
7579
7581
7582
7584
7586
7588
7590
7593
7595
7598
7599
7601
7603
7604
7605
7608
7610
7612
7614
7616
7618
7620
7622
7624
7625
7626
7628
7630
7632
7634
7635
7636
7638
7640
7642
7643
7645
7647
7648
7649
7652
7654
7656
7658
7660
7662
7664
7666
7668
7669
7671
7673
7675
7677
7679
7681
7684
7687
7689
7691
7693
7695
7697
7699
7701
7702
7704
7706
7707
7709
7711
7714
7716
7718
7720
7722
7724
7725
7727
7731
7732
7734
7735
7737
7739
7742
7743
7746
7748
7750
7752
7754
7756
7757
7759
7761
7762
7764
7765
7766
7768
7770
7772
7774
7776
7778
7780
7782
7783
7784
7787
7789
7792
7794
7795
7797
7799
7800
7802
7803
7804
7806
7807
7809
7811
7813
7815
7818
7820
7821
7823
7825
7827
7828
7830
7832
7833
7835
7836
7838
7839
7840
7841
7842
7843
7845
7847
7848
7849
7850
7852
7855
7857
7858
7860
7862
7864
7866
7867
7869
7871
7872
7875
7877
7878
7884
7886
7890
7892
7894
7896
7899
7901
7904
7907
7908
7909
7910
7911
7913
7915
7917
7919
7921
7923
7925
7927
7929
7931
7932
7934
7936
7938
7939
7940
7942
7943
7945
7946
7947
7949
7951
7953
7954
7956
7957
7959
7961
7963
7965
7967
7969
7971
7973
7975
7976
7977
7979
7981
7982
7983
7985
7987
7988
7989
7991
7993
7995
7996
7998
8000
8001
8003
8005
8007
8012
8015
8017
8019
8021
8024
8026
8028
8029
8030
8031
8032
8035
8036
8038
8040
8041
8044
8045
8046
8048
8050
8052
8054
8057
8058
8060
8061
8062
8064
8065
8066
8068
8069
8072
8074
8076
8078
8079
8081
8082
8084
8087
8088
8089
8091
8093
8095
8097
8099
8101
8103
8105
8107
8109
8112
8113
8115
8116
8117
8119
8121
8123
8126
8128
8129
8130
8131
8132
8134
8136
8137
8138
8140
8142
8144
8146
8148
8150
8153
8155
8157
8159
8162
8164
8166
8168
8170
8173
8175
8176
8180
8182
8183
8186
8188
8191
8192
8193
8194
8195
8196
8198
8200
8202
8205
8207
8210
8213
8215
8218
8220
8222
8224
8226
8227
8230
8233
8235
8236
8239
8241
8244
8246
8247
8249
8251
8257
8260
8262
8263
8265
8267
8270
8271
8274
8275
8277
8278
8280
8282
8284
8286
8288
8290
8292
8294
8295
8297
8300
8302
8303
8305
8306
8307
8309
8311
8313
8315
8317
8319
8321
8323
8324
8326
8328
8329
8331
8333
8335
8337
8338
8339
8341
8343
8345
8346
8348
8349
8351
8353
8355
8357
8358
8361
8362
8364
8365
8367
8370
8372
8374
8378
8379
8381
8383
8385
8388
8390
8392
8394
8396
8398
8400
8402
8404
8405
8411
8413
8415
8417
8419
8421
8423
8425
8427
8429
8431
8433
8434
8436
8438
8440
8443
8446
8448
8449
8451
8453
8454
8456
8458
8461
8462
8463
8464
8465
8466
8468
8469
8471
8473
8474
8475
8478
8480
8482
8484
8486
8487
8489
8490
8491
8493
8494
8496
8498
8500
8501
8502
8503
8504
8506
8508
8509
8510
8512
8514
8515
8517
8519
8521
8523
8525
8527
8529
8531
8533
8534
8536
8538
8539
8541
8542
8543
8544
8546
8548
8550
8552
8553
8554
8555
8557
8559
8561
8563
8565
8567
8568
8569
8571
8573
8575
8576
8578
8580
8581
8583
8585
8586
8588
8590
8592
8594
8596
8597
8599
8601
8603
8604
8606
8608
8609
8611
8613
8615
8616
8618
8620
8622
8623
8624
8627
8629
8631
8632
8633
8635
8636
8639
8641
8642
8644
8645
8646
8648
8649
8651
8653
8655
8656
8658
8660
8662
8664
8666
8668
8669
8672
8674
8676
8678
8679
8680
8682
8684
8685
8687
8689
8690
8692
8694
8696
8698
8700
8702
8704
8706
8708
8709
8712
8715
8717
8719
8721
8725
8729
8731
8733
8735
8736
8739
8741
8743
8744
8745
8746
8748
8749
8750
8752
8754
8756
8758
8762
8764
8766
8768
8771
8773
8775
8777
8779
8781
8783
8786
8788
8791
8795
8797
8799
8801
8803
8804
8806
8808
8810
8811
8813
8815
8817
8818
8820
8822
8824
8826
8828
8830
8832
8833
8835
8838
8839
8841
8843
8846
8847
8849
8851
8855
8857
8860
8862
8865
8867
8869
8870
8872
8874
8876
8878
8879
8881
8883
8885
8887
8888
8889
8890
8892
8893
8895
8897
8899
8901
8903
8904
8906
8908
8910
8912
8914
8916
8918
8920
8922
8923
8929
8931
8933
8935
8937
8941
8942
8945
8947
8949
8951
8953
8957
8959
8961
8962
8963
8965
8966
8968
8970
8972
8974
8976
8978
8979
8982
8984
8986
8988
8990
8991
8992
8993
8995
8996
9000
9002
9005
9007
9008
9009
9011
9014
9016
9018
9019
9020
9024
9026
9028
9030
9032
9034
9036
9038
9040
9042
9044
9045
9046
9048
9050
9052
9053
9055
9057
9059
9063
9065
9067
9069
9070
9072
9074
9076
9078
9079
9081
9084
9086
9092
9094
9096
9098
9100
9102
9104
9106
9108
9110
9112
9114
9116
9117
9119
9121
9123
9125
9127
9129
9131
9133
9135
9136
9138
9140
9142
9144
9146
9148
9149
9151
9153
9155
9157
9159
9160
9165
9167
9169
9172
9173
9175
9176
9178
9180
9186
9189
9191
9194
9196
9198
9201
9202
9204
9206
9208
9209
9211
9212
9215
9217
9219
9221
9223
9225
9228
9229
9233
9234
9236
9237
9238
9240
9242
9244
9246
9247
9249
9250
9251
9253
9255
9257
9259
9261
9264
9265
9266
9268
9270
9271
9272
9274
9276
9278
9280
9283
9285
9287
9289
9291
9295
9297
9300
9301
9302
9304
9307
9308
9310
9311
9313
9315
9317
9320
9322
9325
9327
9330
9331
9333
9335
9337
9339
9341
9343
9345
9347
9350
9352
9355
9357
9359
9361
9362
9364
9365
9367
9368
9370
9373
9375
9378
9379
9381
9383
9385
9387
9389
9391
9393
9395
9399
9400
9401
9403
9405
9407
9409
9410
9412
9414
9416
9418
9420
9422
9424
9426
9429
9431
9433
9435
9437
9439
9441
9443
9444
9445
9448
9452
9454
9456
9458
9460
9462
9464
9465
9467
9469
9471
9472
9474
9475
9476
9487
9493
9494
9496
9498
9500
9501
9503
9505
9507
9509
9511
9513
9515
9517
9519
9521
9522
9524
9526
9528
9530
9531
9533
9535
9536
9538
9540
9542
9543
9544
9547
9548
9550
9552
9554
9557
9559
9561
9563
9565
9567
9568
9569
9570
9572
9573
9574
9576
9578
9579
9580
9582
9583
9585
9588
9590
9592
9594
9597
9598
9600
9602
9604
9606
9608
9609
9611
9613
9615
9617
9619
9621
9623
9625
9627
9629
9631
9633
9635
9637
9638
9640
9643
9645
9647
9648
9650
9652
9654
9655
9657
9659
9660
9661
9663
9665
9667
9668
9670
9672
9674
9676
9677
9678
9679
9680
9681
9683
9684
9685
9687
9689
9691
9693
9695
9697
9699
9701
9702
9705
9707
9709
9710
9712
9713
9715
9718
9719
9720
9721
9724
9726
9728
9729
9730
9732
9734
9737
9738
9739
9740
9741
9743
9745
9747
9749
9750
9751
9753
9754
9756
9758
9760
9762
9763
9764
9766
9768
9770
9771
9773
9774
9776
9778
9780
9782
9783
9784
9786
9788
9789
9790
9792
9794
9796
9799
9801
9803
9805
9808
9809
9810
9812
9813
9815
9817
9819
9821
9823
9825
9827
9829
9832
9834
9836
9838
9840
9841
9843
9845
9847
9849
9851
9853
9855
9857
9860
9863
9865
9867
9869
9871
9873
9875
9878
9880
9883
9885
9887
9889
9891
9893
9894
9896
9898
9899
9901
9903
9905
9907
9909
9910
9912
9913
9914
9916
9918
9920
9921
9922
9924
9929
9931
9933
9935
9938
9940
9942
9944
9946
9950
9954
9955
9957
9959
9961
9963
9964
9966
9968
9970
9972
9973
9975
9977
9979
9981
9983
9985
9986
9988
9990
9992
9993
9995
9997
9998
10000
10002
10003
10005
10007
10009
10011
10013
10014
10016
10018
10020
10021
10022
10024
10025
10028
10029
10031
10033
10034
10036
10039
10041
10044
10046
10047
10049
10050
10051
10052
10054
10057
10059
10061
10063
10064
10067
10068
10069
10071
10072
10074
10076
10078
10080
10083
10084
10086
10088
10090
10092
10093
10095
10096
10100
10102
10104
10106
10112
10114
10116
10118
10122
10124
10125
10126
10128
10129
10130
10132
10133
10135
10136
10137
10141
10143
10145
10146
10149
10150
10152
10155
10157
10158
10161
10163
10165
10167
10169
10171
10173
10175
10177
10179
10181
10183
10185
10187
10188
10190
10192
10193
10195
10196
10198
10200
10202
10204
10206
10208
10210
10211
10213
10215
10216
10217
10220
10222
10223
10225
10227
10229
10231
10233
10235
10237
10238
10240
10242
10243
10245
10247
10249
10251
10253
10255
10257
10259
10262
10263
10264
10266
10268
10269
10273
10275
10277
10279
10281
10283
10286
10288
10290
10292
10294
10296
10298
10300
10302
10304
10306
10309
10311
10312
10314
10315
10317
10319
10320
10323
10326
10328
10330
10332
10333
10335
10337
10339
10341
10343
10344
10345
10347
10349
10351
10353
10355
10357
10359
10361
10363
10364
10366
10368
10369
10371
10373
10376
10377
10378
10380
10382
10383
10385
10387
10389
10391
10393
10394
10395
10397
10398
10400
10402
10405
10407
10409
10410
10414
10416
10419
10420
10422
10425
10427
10430
10432
10434
10435
10437
10439
10441
10444
10446
10448
10449
10452
10454
10455
10457
10459
10460
10462
10463
10464
10468
10470
10472
10474
10476
10478
10480
10483
10485
10488
10490
10492
10494
10496
10498
10499
10500
10501
10503
10505
10507
10509
10512
10514
10516
10517
10518
10519
10520
10522
10524
10526
10528
10530
10531
10533
10535
10536
10538
10540
10542
10545
10547
10549
10551
10553
10555
10558
10562
10563
10565
10566
10568
10570
10572
10574
10575
10576
10578
10581
10583
10585
10587
10589
10591
10593
10595
10597
10599
10601
10603
10605
10607
10609
10611
10613
10615
10618
10620
10622
10624
10626
10628
10630
10631
10632
10634
10636
10638
10641
10642
10646
10648
10650
10651
10652
10654
10656
10658
10660
10661
10663
10665
10667
10669
10670
10673
10674
10676
10678
10680
10681
10683
10686
10687
10689
10691
10693
10695
10697
10699
10701
10703
10705
10707
10709
10711
10713
10716
10718
10719
10720
10721
10723
10728
10732
10733
10734
10736
10737
10739
10741
10743
10746
10748
10749
10752
10755
10757
10758
10760
10762
10765
10767
10769
10771
10773
10775
10777
10779
10781
10782
10784
10786
10788
10790
10792
10794
10796
10801
10803
10805
10806
10807
10809
10811
10813
10815
10817
10821
10823
10824
10826
10828
10832
10834
10836
10838
10839
10841
10844
10845
10846
10848
10850
10852
10854
10856
10857
10859
10861
10863
10866
10868
10870
10872
10874
10876
10878
10880
10882
10885
10887
10889
10891
10893
10894
10896
10898
10899
10900
10907
10909
10910
10911
10913
10915
10917
10919
10921
10922
10923
10925
10927
10928
10930
10932
10934
10936
10938
10940
10942
10944
10946
10948
10950
10952
10954
10956
10958
10960
10962
10964
10966
10968
10969
10970
10972
10974
10975
10977
10980
10982
10984
10986
10987
10989
10990
10992
10994
10997
10999
11001
11003
11005
11007
11008
11009
11011
11013
11015
11017
11019
11021
11023
11025
11027
11030
11032
11034
11037
11039
11041
11044
11046
11048
11050
11053
11055
11058
11060
11062
11064
11065
11066
11069
11070
11071
11073
11075
11077
11079
11081
11086
11088
11089
11090
11092
11096
11098
11100
11102
11104
11105
11107
11109
11111
11113
11115
11119
11124
11126
11130
11132
11134
11136
11138
11139
11141
11142
11144
11146
11148
11149
11150
11153
11154
11156
11157
11158
11160
11162
11163
11164
11166
11168
11169
11171
11173
11175
11178
11180
11182
11183
11185
11187
11188
11191
11193
11195
11197
11198
11200
11202
11203
11205
11208
11210
11212
11214
11215
11216
11217
11218
11220
11224
11229
11231
11232
11235
11238
11239
11241
11243
11245
11247
11249
11250
11252
11255
11258
11260
11262
11264
11265
11266
11269
11270
11272
11273
11275
11277
11279
11280
11282
11284
11286
11287
11289
11290
11291
11293
11294
11296
11298
11300
11302
11304
11308
11309
11311
11312
11315
11317
11319
11321
11323
11325
11326
11328
11330
11331
11333
11334
11337
11339
11341
11344
11346
11348
11349
11351
11352
11354
11355
11357
11359
11362
11364
11366
11367
11369
11371
11372
11374
11377
11379
11381
11383
11385
11387
11389
11391
11392
11394
11396
11398
11399
11400
11403
11405
11407
11408
11410
11411
11413
11415
11416
11418
11420
11421
11423
11425
11427
11429
11431
11432
11435
11437
11439
11441
11443
11445
11447
11449
11453
11455
11457
11459
11461
11463
11465
11467
11469
11471
11473
11475
11477
11479
11481
11483
11485
11486
11488
11490
11491
11492
11493
11495
11497
11499
11501
11503
11504
11506
11508
11510
11512
11513
11514
11515
11516
11517
11519
11521
11523
11525
11526
11527
11529
11531
11533
11535
11537
11539
11541
11542
11544
11546
11547
11550
11552
11553
11555
11557
11558
11560
11562
11564
11566
11568
11570
11572
11574
11575
11577
11579
11580
11582
11584
11586
11588
11590
11592
11594
11596
11597
11598
11600
11602
11604
11606
11607
11609
11611
11613
11614
11616
11617
11619
11621
11623
11624
11626
11628
11630
11633
11635
11637
11639
11641
11642
11643
11644
11646
11647
11649
11651
11653
11654
11657
11659
11660
11662
11664
11666
11669
11672
11674
11676
11677
11679
11681
11684
11686
11687
11688
11691
11692
11696
11697
11698
11700
11702
11704
11705
11707
11708
11709
11711
11713
11715
11717
11719
11721
11722
11724
11727
11729
11732
11734
11736
11738
11740
11742
11744
11745
11747
11749
11752
11754
11756
11758
11760
11762
11764
11766
11768
11769
11772
11774
11776
11778
11780
11782
11784
11786
11788
11790
11792
11796
11797
11799
11801
11803
11805
11807
11809
11811
11813
11815
11817
11818
11819
11821
11822
11823
11826
11828
11830
11832
11833
11835
11838
11840
11842
11844
11845
11846
11847
11849
11851
11853
11855
11857
11859
11861
11863
11865
11867
11869
11871
11873
11875
11876
11878
11880
11882
11884
11887
11888
11890
11892
11894
11896
11897
11898
11899
11901
11902
11904
11906
11909
11911
11913
11915
11917
11918
11920
11922
11925
11927
11928
11930
11932
11934
11936
11937
11939
11943
11945
11947
11948
11950
11952
11954
11955
11957
11959
11961
11963
11965
11966
11968
11970
11971
11973
11975
11977
11979
11981
11983
11985
11988
11989
11990
11992
11994
12000
12002
12004
12006
12008
12009
12011
12013
12015
12017
12020
12022
12023
12025
12026
12028
12029
12031
12032
12035
12036
12038
12040
12041
12042
12043
12046
12049
12050
12052
12054
12055
12057
12059
12061
12063
12067
12069
12072
12075
12076
12078
12080
12081
12082
12083
12084
12086
12087
12089
12091
12092
12093
12095
12096
12098
12100
12104
12106
12107
12109
12111
12112
12113
12114
12116
12118
12120
12122
12124
12126
12127
12129
12130
12132
12134
12136
12140
12142
12145
12147
12149
12153
12155
12156
12157
12159
12160
12162
12163
12167
12169
12171
12172
12174
12176
12177
12179
12181
12182
12184
12185
12188
12191
12193
12195
12197
12199
12201
12204
12207
12209
12210
12211
12212
12214
12217
12219
12222
12224
12226
12228
12230
12232
12233
12235
12237
12241
12244
12245
12246
12247
12249
12251
12253
12255
12257
12259
12262
12263
12264
12266
12268
12269
12271
12273
12275
12276
12278
12281
12282
12285
12287
12289
12290
12292
12294
12296
12298
12299
12301
12303
12305
12307
12309
12311
12313
12315
12317
12319
12321
12324
12326
12327
12329
12331
12333
12336
12338
12340
12341
12344
12346
12348
12350
12352
12354
12356
12358
12360
12362
12364
12366
12368
12369
12371
12372
12375
12377
12378
12380
12382
12384
12386
12388
12390
12392
12396
12398
12400
12402
12404
12406
12407
12408
12409
12411
12413
12414
12416
12418
12419
12421
12422
12423
12425
12427
12428
12430
12431
12432
12434
12436
12438
12440
12442
12443
12444
12446
12450
12451
12453
12455
12456
12458
12459
12461
12464
12466
12467
12470
12474
12476
12479
12481
12482
12484
12486
12487
12489
12491
12492
12494
12495
12497
12499
12501
12502
12503
12505
12507
12509
12510
12512
12513
12515
12516
12518
12519
12521
12523
12524
12525
12527
12528
12530
12532
12535
12538
12541
12543
12545
12547
12549
12552
12554
12556
12558
12560
12563
12565
12567
12569
12571
12572
12575
12577
12578
12579
12580
12581
12582
12583
12585
12587
12589
12591
12593
12595
12597
12599
12601
12603
12605
12607
12609
12611
12613
12615
12616
12618
12620
12621
12626
12627
12628
12631
12633
12637
12639
12641
12643
12644
12646
12648
12650
12652
12654
12656
12657
12661
12663
12664
12666
12668
12670
12672
12673
12674
12676
12678
12680
12681
12683
12684
12686
12688
12690
12692
12694
12696
12697
12699
12700
12701
12703
12705
12707
12709
12711
12713
12715
12717
12719
12720
12722
12724
12726
12728
12729
12731
12732
12734
12735
12737
12739
12742
12744
12746
12748
12750
12752
12755
12757
12758
12760
12762
12764
12766
12768
12770
12773
12778
12780
12783
12784
12785
12788
12790
12792
12795
12798
12800
12802
12803
12805
12806
12807
12809
12811
12813
12815
12817
12819
12820
12822
12824
12826
12829
12831
12833
12835
12837
12838
12841
12844
12846
12848
12850
12852
12855
12857
12859
12861
12864
12866
12867
12869
12871
12873
12875
12877
12878
12879
12880
12882
12884
12885
12886
12889
12894
12896
12898
12899
12900
12902
12903
12904
12906
12908
12909
12911
12913
12914
12916
12918
12920
12921
12922
12924
12926
12928
12930
12932
12934
12937
12939
12940
12942
12944
12946
12948
12949
12950
12951
12953
12954
12958
12960
12962
12964
12966
12968
12970
12972
12976
12978
12979
12980
12981
12983
12985
12987
12988
12989
12992
12994
12996
12998
13000
13002
13004
13006
13008
13010
13011
13012
13014
13016
13018
13020
13022
13024
13026
13028
13029
13030
13031
13033
13034
13036
13037
13039
13040
13042
13044
13045
13047
13049
13051
13053
13054
13056
13057
13058
13060
13062
13063
13067
13069
13071
13073
13075
13076
13078
13080
13083
13085
13087
13089
13091
13092
13095
13096
13101
13103
13105
13107
13109
13111
13113
13114
13117
13118
13121
13123
13125
13127
13129
13130
13132
13134
13136
13137
13139
13140
13142
13145
13147
13149
13151
13153
13154
13156
13158
13161
13164
13165
13169
13171
13173
13175
13180
13182
13184
13186
13187
13189
13192
13193
13196
13198
13200
13202
13203
13205
13206
13207
13209
13212
13214
13215
13217
13219
13220
13222
13223
13225
13227
13229
13231
13233
13235
13237
13239
13241
13243
13245
13247
13249
13250
13252
13253
13254
13255
13258
13263
13264
13266
13267
13268
13269
13270
13272
13273
13275
13277
13279
13281
13283
13285
13287
13289
13291
13293
13296
13299
13301
13303
13305
13307
13309
13312
13315
13316
13317
13319
13321
13323
13325
13327
13329
13330
13332
13333
13335
13337
13338
13340
13342
13344
13346
13348
13350
13351
13353
13355
13357
13359
13361
13363
13364
13365
13366
13368
13370
13371
13373
13375
13377
13378
13380
13382
13383
13386
13389
13391
13393
13394
13396
13398
13400
13402
13404
13405
13407
13409
13410
13412
13414
13416
13418
13419
13420
13421
13423
13425
13427
13430
13432
13434
13436
13438
13440
13442
13444
13446
13448
13449
13450
13452
13454
13456
13458
13460
13462
13463
13465
13467
13468
13470
13472
13474
13475
13476
13477
13481
13483
13485
13487
13492
13495
13499
13502
13503
13506
13508
13510
13513
13517
13520
13523
13524
13527
13529
13531
13532
13533
13534
13535
13538
13541
13543
13544
13546
13549
13550
13552
13558
13559
13561
13563
13565
13567
13568
13571
13573
13575
13577
13579
13581
13583
13585
13587
13589
13591
13593
13595
13596
13598
13600
13602
13604
13606
13608
13609
13614
13616
13618
13620
13622
13623
13624
13625
13627
13629
13631
13633
13635
13638
13640
13642
13644
13646
13648
13650
13651
13653
13654
13656
13658
13660
13662
13665
13668
13670
13672
13674
13677
13678
13680
13681
13683
13684
13685
13687
13689
13692
13694
13696
13698
13700
13702
13704
13706
13711
13715
13717
13719
13721
13723
13725
13728
13729
13731
13733
13736
13737
13739
13741
13743
13745
13748
13753
13755
13757
13760
13761
13765
13768
13770
13772
13774
13775
13777
13779
13780
13784
13786
13789
13790
13793
13795
13796
13799
13801
13802
13804
13805
13807
13808
13810
13811
13814
13815
13817
13819
13821
13823
13825
13827
13830
13832
13834
13836
13837
13840
13841
13842
13845
13847
13849
13851
13853
13855
13857
13859
13861
13863
13865
13867
13869
13871
13873
13874
13875
13877
13879
13880
13884
13886
13888
13890
13892
13894
13896
13897
13901
13903
13904
13913
13915
13916
13917
13919
13921
13923
13925
13926
13929
13932
13934
13936
13938
13940
13941
13942
13944
13946
13948
13950
13952
13954
13956
13958
13960
13962
13964
13966
13968
13971
13972
13974
13975
13977
13979
13981
13982
13984
13986
13989
13991
13993
13996
13999
14001
14003
14005
14007
14009
14011
14013
14015
14017
14019
14021
14023
14025
14027
14029
14031
14033
14035
14037
14039
14040
14041
14043
14046
14050
14052
14053
14055
14057
14059
14061
14063
14065
14067
14069
14070
14071
14072
14073
14075
14076
14078
14079
14080
14082
14084
14086
14088
14090
14094
14097
14098
14099
14102
14104
14105
14107
14109
14111
14113
14115
14118
14120
14123
14126
14128
14130
14132
14133
14135
14137
14139
14141
14143
14146
14148
14150
14153
14155
14158
14160
14161
14162
14163
14166
14168
14170
14172
14173
14175
14177
14180
14182
14185
14187
14189
14191
14194
14196
14198
14200
14203
14204
14205
14206
14207
14209
14211
14214
14216
14218
14220
14222
14224
14226
14229
14230
14233
14235
14237
14240
14242
14244
14246
14248
14250
14252
14254
14256
14258
14259
14262
14264
14266
14267
14269
14270
14271
14273
14275
14277
14279
14281
14282
14283
14286
14288
14290
14292
14294
14296
14298
14299
14302
14304
14306
14308
14310
14312
14314
14315
14317
14318
14322
14324
14327
14330
14332
14334
14335
14338
14340
14344
14345
14347
14349
14351
14353
14355
14357
14360
14362
14364
14365
14367
14370
14373
14374
14376
14377
14378
14381
14383
14385
14387
14389
14390
14393
14395
14397
14398
14403
14405
14407
14408
14410
14411
14413
14415
14417
14419
14421
14422
14425
14427
14428
14429
14431
14433
14435
14437
14441
14442
14444
14446
14448
14450
14452
14455
14457
14458
14460
14462
14465
14467
14469
14470
14472
14473
14475
14477
14478
14481
14483
14485
14486
14489
14491
14492
14494
14496
14499
14500
14502
14503
14505
14507
14509
14511
14513
14515
14517
14519
14521
14523
14525
14527
14529
14530
14536
14537
14539
14541
14543
14546
14548
14550
14552
14554
14556
14559
14561
14563
14565
14567
14569
14571
14573
14577
14579
14581
14582
14584
14586
14588
14595
14596
14601
14603
14604
14606
14608
14609
14612
14614
14616
14618
14620
14623
14627
14629
14631
14635
14636
14639
14641
14643
14645
14647
14649
14651
14653
14654
14657
14659
14660
14662
14664
14666
14668
14669
14671
14673
14674
14675
14677
14679
14683
14684
14687
14689
14691
14695
14696
14698
14700
14702
14705
14707
14709
14711
14713
14714
14716
14718
14720
14722
14724
14728
14731
14733
14735
14737
14739
14741
14743
14745
14748
14750
14753
14755
14756
14758
14760
14762
14765
14768
14771
14776
14779
14781
14782
14784
14786
14788
14790
14791
14793
14795
14797
14799
14801
14802
14804
14806
14808
14810
14812
14813
14814
14817
14819
14820
14821
14822
14824
14826
14827
14829
14831
14833
14834
14837
14839
14840
14842
14844
14845
14847
14849
14850
14856
14858
14860
14861
14863
14864
14866
14868
14870
14874
14876
14878
14880
14882
14884
14886
14888
14890
14892
14894
14896
14898
14900
14903
14905
14908
14909
14911
14913
14915
14917
14919
14921
14923
14926
14927
14928
14931
14933
14935
14937
14939
14941
14943
14945
14949
14951
14953
14955
14957
14959
14960
14964
14968
14970
14971
14973
14975
14976
14977
14979
14981
14983
14985
14987
14989
14991
14994
14996
14998
14999
15001
15003
15005
15007
15009
15011
15013
15015
15017
15020
15022
15024
15025
15026
15028
15029
15031
15033
15035
15036
15037
15038
15039
15041
15043
15045
15047
15049
15051
15053
15056
15057
15059
15061
15063
15065
15067
15068
15070
15073
15074
15076
15078
15080
15081
15083
15086
15088
15090
15093
15094
15095
15096
15097
15099
15101
15102
15104
15106
15107
15109
15111
15114
15116
15117
15119
15121
15123
15124
15126
15128
15130
15132
15134
15135
15137
15138
15143
15145
15147
15149
15151
15152
15154
15159
15161
15162
15164
15166
15167
15169
15171
15173
15175
15177
15179
15181
15183
15185
15186
15187
15189
15191
15193
15195
15196
15198
15199
15201
15203
15205
15209
15211
15212
15214
15215
15216
15218
15220
15221
15222
15223
15224
15227
15229
15231
15233
15235
15237
15239
15242
15243
15246
15248
15250
15252
15254
15256
15257
15259
15261
15263
15265
15267
15269
15270
15272
15273
15274
15276
15278
15279
15283
15285
15286
15287
15288
15290
15292
15294
15296
15297
15299
15300
15302
15304
15306
15307
15309
15310
15313
15315
15316
15318
15320
15322
15324
15326
15327
15330
15331
15332
15334
15336
15339
15341
15343
15345
15347
15349
15352
15353
15354
15357
15358
15359
15361
15363
15365
15366
15367
15370
15372
15374
15376
15377
15378
15380
15381
15383
15385
15387
15389
15391
15393
15395
15397
15399
15400
15402
15403
15408
15409
15410
15412
15414
15415
15416
15418
15420
15422
15424
15427
15429
15432
15433
15436
15438
15439
15440
15441
15442
15445
15447
15449
15452
15454
15457
15459
15463
15465
15467
15469
15471
15473
15475
15477
15479
15481
15483
15484
15485
15486
15487
15488
15490
15492
15494
15496
15498
15500
15501
15503
15504
15506
15508
15510
15511
15513
15515
15517
15519
15521
15523
15525
15527
15529
15530
15531
15535
15537
15540
15541
15543
15545
15546
15548
15550
15552
15554
15556
15558
15560
15561
15562
15563
15565
15568
15570
15572
15574
15576
15578
15579
15582
15583
15585
15587
15589
15590
15592
15595
15597
15599
15600
15601
15602
15604
15605
15607
15608
15610
15613
15615
15617
15620
15622
15623
15624
15626
15628
15629
15631
15633
15636
15638
15640
15642
15644
15646
15648
15649
15651
15653
15655
15656
15658
15660
15663
15665
15674
15678
15679
15681
15683
15687
15689
15690
15691
15694
15697
15699
15701
15703
15704
15706
15708
15710
15712
15715
15716
15720
15722
15723
15725
15731
15733
15735
15736
15738
15740
15742
15746
15749
15751
15756
15758
15760
15762
15763
15764
15768
15770
15771
15772
15774
15776
15778
15779
15781
15782
15783
15784
15786
15788
15791
15793
15795
15797
15798
15801
15803
15805
15809
15811
15813
15814
15816
15818
15820
15822
15824
15826
15828
15830
15836
15838
15840
15841
15842
15844
15846
15848
15850
15852
15853
15856
15858
15860
15863
15865
15867
15869
15870
15872
15874
15876
15878
15880
15882
15884
15886
15887
15889
15897
15898
15900
15902
15904
15905
15906
15908
15910
15912
15913
15914
15916
15918
15919
15921
15923
15926
15928
15930
15931
15932
15933
15934
15936
15937
15939
15941
15943
15945
15948
15950
15952
15953
15954
15957
15958
15960
15962
15964
15966
15968
15969
15971
15973
15975
15977
15978
15980
15984
15987
15992
15995
15996
15998
15999
16002
16004
16007
16009
16011
16013
16015
16017
16018
16020
16022
16027
16028
16029
16031
16032
16033
16035
16037
16039
16043
16044
16046
16048
16051
16053
16055
16058
16059
16060
16062
16064
16065
16067
16069
16070
16073
16074
16076
16078
16080
16084
16086
16088
16090
16092
16095
16096
16097
16098
16100
16102
16104
16107
16109
16111
16113
16115
16117
16119
16121
16124
16126
16128
16130
16131
16132
16134
16136
16138
16140
16142
16144
16146
16148
16149
16151
16153
16155
16157
16158
16161
16163
16167
16169
16171
16172
16174
16176
16178
16180
16182
16184
16187
16189
16190
16191
16194
16196
16198
16199
16201
16203
16205
16207
16208
16210
16211
16213
16216
16219
16222
16224
16225
16227
16230
16232
16234
16235
16237
16239
16241
16243
16244
16246
16248
16250
16252
16255
16257
16259
16261
16263
16264
16266
16268
16270
16272
16274
16276
16278
16280
16282
16283
16284
16286
16288
16289
16291
16295
16296
16297
16300
16303
16305
16307
16308
16310
16312
16314
16318
16320
16322
16325
16327
16328
16330
16332
16334
16337
16341
16343
16344
16345
16347
16350
16352
16353
16357
16360
16362
16364
16365
16367
16369
16371
16373
16375
16377
16379
16381
16383
16385
16387
16388
16392
16394
16395
16396
16398
16400
16401
16402
16403
16405
16409
16411
16412
16414
16417
16419
16421
16423
16428
16430
16432
16434
16436
16443
16444
16449
16451
16454
16456
16458
16460
16462
16463
16465
16470
16471
16472
16475
16478
16480
16482
16483
16485
16487
16490
16492
16495
16497
16499
16500
16502
16504
16506
16508
16510
16512
16514
16515
16516
16517
16521
16522
16524
16526
16527
16528
16529
16530
16532
16533
16534
16535
16537
16539
16540
16543
16545
16549
16550
16552
16554
16556
16558
16559
16561
16563
16565
16566
16568
16570
16572
16574
16576
16577
16578
16580
16583
16586
16588
16589
16591
16593
16595
16597
16598
16600
16602
16603
16606
16608
16609
16611
16613
16615
16617
16619
16621
16623
16625
16628
16630
16632
16634
16635
16637
16639
16641
16642
16644
16646
16647
16652
16653
16655
16657
16659
16661
16663
16665
16667
16669
16670
16672
16673
16674
16676
16678
16680
16682
16684
16685
16686
16688
16689
16691
16694
16696
16698
16701
16703
16705
16707
16709
16710
16711
16714
16715
16717
16719
16721
16725
16727
16731
16734
16736
16737
16739
16740
16742
16744
16745
16747
16748
16749
16751
16753
16756
16758
16760
16761
16764
16765
16767
16768
16773
16775
16776
16778
16780
16782
16784
16786
16788
16790
16793
16796
16798
16799
16800
16802
16804
16806
16807
16808
16810
16811
16813
16815
16817
16818
16821
16823
16826
16827
16831
16833
16835
16836
16838
16840
16841
16842
16844
16846
16851
16852
16853
16855
16857
16859
16861
16863
16865
16866
16868
16870
16874
16876
16880
16882
16884
16885
16886
16888
16890
16892
16894
16897
16898
16900
16902
16904
16905
16906
16908
16910
16912
16914
16916
16917
16919
16922
16925
16927
16928
16930
16932
16934
16939
16943
16944
16946
16948
16949
16950
16953
16954
16956
16957
16958
16959
16961
16963
16964
16966
16968
16971
16973
16975
16977
16979
16981
16982
16985
16987
16989
16990
16992
16994
16996
16998
17001
17004
17006
17008
17009
17012
17013
17015
17017
17022
17024
17025
17026
17027
17028
17030
17032
17034
17037
17040
17042
17043
17045
17047
17049
17051
17053
17055
17057
17059
17063
17065
17069
17071
17073
17076
17078
17079
17080
17081
17083
17087
17089
17090
17091
17092
17093
17095
17096
17103
17104
17105
17108
17110
17112
17113
17115
17118
17120
17123
17124
17128
17130
17132
17135
17137
17139
17141
17142
17146
17148
17152
17155
17156
17158
17160
17162
17165
17167
17169
17170
17174
17176
17178
17179
17183
17185
17186
17187
17189
17191
17193
17196
17198
17200
17202
17205
17206
17208
17210
17212
17214
17216
17218
17220
17223
17225
17227
17229
17231
17233
17235
17237
17239
17241
17242
17243
17245
17247
17249
17251
17253
17255
17256
17257
17260
17262
17264
17266
17268
17270
17272
17274
17276
17278
17279
17281
17283
17285
17287
17289
17293
17295
17297
17299
17301
17303
17307
17308
17310
17312
17313
17315
17317
17319
17321
17323
17326
17328
17329
17331
17332
17333
17336
17338
17341
17342
17343
17347
17351
17353
17355
17356
17358
17359
17361
17363
17365
17366
17368
17370
17372
17374
17376
17378
17380
17382
17386
17389
17391
17393
17395
17398
17400
17401
17402
17404
17406
17410
17415
17418
17421
17423
17425
17426
17427
17430
17432
17433
17434
17436
17437
17438
17439
17443
17445
17446
17448
17449
17450
17453
17454
17456
17458
17459
17461
17463
17465
17467
17468
17469
17470
17471
17472
17474
17475
17476
17478
17479
17481
17483
17484
17487
17490
17491
17494
17496
17498
17501
17503
17504
17506
17508
17509
17511
17512
17514
17515
17517
17518
17521
17523
17524
17526
17530
17532
17534
17535
17536
17539
17541
17542
17543
17545
17549
17551
17553
17555
17556
17559
17562
17564
17566
17568
17569
17570
17572
17574
17575
17576
17577
17580
17582
17584
17586
17588
17590
17591
17594
17598
17601
17603
17605
17607
17609
17611
17615
17617
17619
17623
17625
17627
17629
17631
17635
17636
17639
17641
17643
17646
17647
17650
17652
17654
17656
17661
17663
17664
17666
17668
17670
17672
17674
17676
17678
17680
17682
17684
17685
17687
17689
17693
17695
17699
17704
17706
17707
17709
17711
17713
17714
17715
17716
17717
17718
17720
17721
17722
17724
17726
17728
17729
17731
17733
17734
17735
17737
17739
17742
17744
17746
17748
17750
17751
17753
17755
17756
17757
17759
17761
17763
17765
17767
17769
17771
17773
17775
17776
17777
17780
17781
17782
17784
17786
17789
17790
17792
17794
17796
17800
17802
17803
17805
17806
17807
17809
17810
17811
17812
17814
17815
17817
17819
17820
17830
17831
17834
17840
17842
17844
17846
17848
17849
17851
17853
17855
17857
17859
17861
17863
17865
17870
17873
17877
17880
17882
17884
17885
17886
17889
17891
17893
17896
17898
17901
17903
17905
17908
17910
17912
17914
17916
17918
17919
17921
17923
17925
17927
17929
17931
17933
17935
17938
17940
17944
17947
17949
17951
17954
17957
17960
17962
17964
17966
17968
17970
17973
17975
17978
17981
17983
17985
17988
17991
17993
17994
17996
17998
18000
18001
18006
18007
18008
18010
18012
18014
18016
18018
18021
18023
18025
18028
18029
18031
18033
18035
18036
18038
18042
18044
18045
18047
18049
18051
18054
18056
18058
18060
18061
18064
18066
18068
18071
18073
18074
18076
18078
18080
18082
18086
18088
18091
18093
18095
18097
18099
18101
18103
18104
18106
18108
18110
18111
18116
18118
18120
18124
18126
18128
18130
18133
18137
18138
18140
18142
18144
18146
18148
18149
18150
18151
18152
18153
18156
18158
18160
18162
18164
18167
18168
18170
18172
18174
18176
18177
18180
18182
18183
18185
18190
18192
18193
18195
18197
18199
18201
18204
18205
18208
18209
18211
18213
18217
18219
18221
18222
18225
18227
18228
18229
18230
18231
18233
18236
18237
18239
18241
18243
18245
18247
18248
18250
18251
18252
18254
18259
18261
18264
18265
18267
18268
18270
18272
18275
18276
18281
18283
18285
18287
18288
18289
18291
18292
18295
18297
18299
18301
18302
18304
18308
18310
18312
18314
18316
18317
18319
18321
18322
18324
18326
18328
18329
18330
18331
18332
18333
18334
18336
18338
18341
18343
18345
18347
18348
18349
18351
18352
18354
18356
18357
18358
18360
18362
18366
18368
18369
18370
18372
18374
18378
18380
18382
18384
18385
18386
18389
18390
18391
18393
18394
18395
18396
18397
18400
18401
18404
18406
18408
18411
18413
18415
18417
18421
18423
18424
18426
18428
18430
18432
18433
18435
18437
18438
18440
18442
18444
18446
18448
18450
18451
18453
18455
18457
18459
18462
18464
18465
18467
18469
18471
18473
18474
18476
18478
18480
18481
18483
18484
18487
18490
18492
18494
18496
18497
18499
18501
18503
18504
18507
18510
18511
18513
18514
18516
18518
18522
18524
18525
18526
18528
18529
18531
18534
18535
18538
18542
18543
18544
18549
18552
18554
18555
18559
18560
18561
18562
18563
18566
18568
18570
18572
18573
18575
18577
18579
18581
18584
18586
18588
18591
18592
18597
18598
18605
18607
18609
18611
18612
18614
18616
18617
18619
18621
18622
18624
18626
18627
18629
18633
18634
18635
18637
18639
18641
18642
18643
18644
18646
18647
18651
18654
18656
18658
18660
18662
18663
18668
18669
18671
18674
18676
18679
18681
18682
18683
18685
18687
18689
18690
18691
18692
18694
18696
18699
18701
18703
18706
18708
18710
18712
18713
18715
18716
18718
18720
18722
18723
18727
18728
18730
18732
18734
18736
18738
18739
18742
18744
18745
18746
18749
18751
18753
18755
18757
18759
18762
18764
18766
18768
18770
18774
18777
18780
18785
18787
18788
18790
18792
18795
18798
18799
18801
18802
18803
18805
18807
18809
18811
18814
18815
18817
18819
18820
18823
18826
18828
18830
18832
18834
18836
18838
18839
18840
18842
18844
18846
18850
18852
18853
18856
18858
18859
18861
18862
18863
18869
18871
18872
18873
18874
18875
18876
18878
18879
18880
18881
18885
18892
18893
18896
18902
18904
18905
18908
18909
18910
18912
18913
18915
18917
18919
18923
18925
18927
18929
18931
18933
18935
18937
18939
18942
18944
18947
18949
18951
18953
18954
18956
18958
18960
18961
18963
18965
18966
18967
18970
18972
18975
18977
18979
18981
18983
18984
18986
18988
18990
18992
18993
18995
18997
18999
19001
19004
19006
19007
19010
19011
19012
19017
19019
19020
19022
19024
19027
19029
19030
19031
19033
19034
19035
19037
19039
19041
19043
19045
19047
19050
19054
19056
19059
19061
19062
19064
19066
19068
19070
19072
19074
19076
19078
19081
19084
19086
19088
19091
19092
19093
19094
19098
19100
19103
19107
19109
19111
19113
19114
19116
19118
19120
19122
19124
19125
19127
19129
19131
19133
19135
19137
19139
19141
19143
19146
19148
19150
19152
19154
19157
19159
19161
19163
19165
19166
19168
19170
19172
19175
19177
19179
19181
19183
19186
19188
19190
19192
19194
19196
19198
19200
19202
19206
19209
19210
19212
19214
19218
19220
19222
19223
19226
19228
19231
19233
19235
19237
19238
19239
19241
19243
19244
19248
19250
19251
19252
19253
19255
19257
19258
19260
19264
19268
19272
19275
19277
19278
19279
19281
19282
19284
19286
19288
19289
19290
19291
19293
19295
19296
19300
19302
19304
19306
19309
19311
19313
19315
19317
19318
19319
19320
19322
19324
19328
19330
19334
19336
19340
19341
19343
19344
19345
19347
19349
19350
19351
19354
19357
19359
19363
19366
19368
19370
19371
19374
19376
19377
19379
19382
19384
19387
19388
19390
19392
19394
19396
19398
19399
19401
19403
19405
19406
19408
19409
19410
19411
19412
19416
19418
19421
19423
19425
19427
19428
19430
19433
19436
19438
19440
19442
19444
19447
19448
19450
19452
19454
19456
19458
19460
19462
19464
19467
19469
19471
19473
19475
19476
19478
19480
19481
19484
19486
19488
19493
19495
19498
19500
19503
19505
19506
19508
19510
19511
19512
19514
19517
19519
19521
19522
19524
19526
19528
19530
19532
19534
19537
19539
19541
19543
19545
19546
19548
19550
19552
19556
19557
19559
19563
19568
19571
19572
19574
19575
19579
19581
19582
19584
19586
19588
19590
19592
19594
19596
19597
19599
19600
19603
19604
19606
19608
19610
19612
19614
19615
19617
19620
19623
19625
19627
19629
19630
19631
19633
19635
19637
19639
19640
19642
19644
19646
19648
19651
19654
19655
19657
19659
19666
19668
19669
19672
19676
19678
19681
19683
19685
19688
19690
19692
19695
19698
19700
19702
19704
19706
19708
19710
19712
19714
19715
19717
19719
19721
19723
19725
19727
19729
19734
19735
19736
19741
19743
19745
19747
19750
19753
19756
19757
19759
19762
19763
19764
19765
19767
19768
19771
19774
19777
19779
19781
19783
19787
19788
19789
19792
19794
19796
19798
19802
19804
19805
19806
19808
19810
19812
19815
19817
19820
19822
19824
19826
19827
19830
19832
19834
19835
19836
19838
19840
19843
19848
19849
19852
19854
19857
19859
19861
19863
19865
19867
19869
19870
19872
19873
19875
19877
19878
19882
19883
19885
19886
19888
19890
19895
19897
19899
19901
19903
19905
19907
19909
19912
19913
19918
19919
19922
19923
19925
19927
19930
19932
19933
19936
19937
19938
19940
19941
19943
19944
19948
19952
19954
19957
19960
19961
19967
19969
19972
19976
19978
19980
19983
19985
19986
19988
19990
19993
19995
19997
19999
20000
20003
20004
20005
20006
20007
20008
20010
20012
20017
20019
20020
20022
20023
20025
20027
20029
20031
20034
20035
20040
20042
20044
20048
20051
20053
20056
20058
20060
20062
20063
20064
20066
20067
20069
20073
20075
20077
20079
20082
20084
20086
20088
20090
20093
20095
20097
20099
20101
20103
20104
20106
20108
20109
20113
20117
20119
20121
20123
20124
20126
20128
20130
20132
20135
20136
20139
20140
20142
20147
20152
20154
20156
20159
20163
20165
20166
20169
20171
20174
20176
20177
20180
20183
20187
20189
20191
20194
20197
20199
20202
20204
20206
20208
20210
20214
20215
20217
20219
20221
20222
20224
20226
20228
20230
20232
20234
20235
20240
20242
20244
20247
20249
20251
20253
20255
20258
20260
20261
20262
20264
20266
20268
20273
20274
20275
20277
20281
20283
20285
20287
20289
20291
20293
20294
20298
20301
20303
20305
20307
20309
20311
20312
20314
20316
20319
20322
20324
20326
20327
20329
20336
20341
20343
20345
20350
20352
20353
20355
20357
20361
20363
20364
20365
20366
20368
20371
20372
20374
20376
20377
20379
20384
20386
20388
20389
20390
20394
20397
20400
20402
20404
20406
20408
20410
20413
20415
20417
20419
20421
20423
20426
20428
20430
20432
20437
20443
20445
20448
20451
20452
20453
20457
20458
20460
20463
20468
20469
20472
20474
20475
20477
20479
20480
20482
20484
20486
20492
20493
20496
20498
20500
20502
20504
20505
20507
20508
20510
20512
20514
20516
20518
20519
20520
20522
20523
20525
20527
20531
20533
20534
20535
20537
20539
20541
20543
20544
20547
20550
20551
20554
20557
20560
20561
20563
20565
20567
20568
20571
20573
20576
20578
20580
20583
20587
20589
20591
20596
20598
20600
20602
20604
20606
20608
20610
20612
20613
20619
20620
20622
20623
20626
20628
20630
20631
20634
20636
20637
20638
20639
20641
20644
20646
20649
20651
20653
20655
20657
20659
20660
20661
20665
20668
20670
20671
20673
20675
20676
20678
20680
20683
20687
20689
20691
20693
20696
20697
20700
20706
20708
20712
20713
20715
20716
20718
20721
20723
20724
20726
20728
20729
20731
20733
20735
20737
20738
20740
20742
20746
20748
20750
20753
20756
20759
20760
20765
20766
20768
20771
20774
20775
20777
20779
20781
20783
20787
20789
20794
20795
20798
20801
20802
20803
20808
20812
20816
20818
20820
20822
20823
20825
20826
20828
20830
20831
20834
20838
20840
20841
20843
20846
20849
20851
20855
20858
20861
20868
20870
20871
20873
20875
20877
20878
20881
20883
20885
20888
20890
20893
20895
20896
20897
20900
20902
20910
20912
20914
20916
20918
20919
20920
20923
20926
20928
20930
20935
20937
20939
20941
20943
20945
20947
20949
20951
20953
20955
20957
20958
20960
20962
20964
20966
20967
20975
20977
20978
20980
20982
20983
20985
20988
20990
20992
20994
20998
21003
21005
21006
21007
21012
21015
21017
21019
21021
21023
21026
21027
21028
21031
21033
21035
21037
21039
21040
21043
21045
21047
21053
21054
21057
21060
21061
21062
21065
21067
21068
21071
21073
21074
21075
21077
21079
21081
21083
21087
21089
21091
21093
21095
21097
21099
21100
21102
21104
21106
21110
21112
21114
21116
21117
21119
21121
21123
21125
21127
21129
21131
21134
21136
21138
21140
21141
21143
21144
21148
21150
21152
21155
21158
21162
21163
21164
21166
21167
21169
21171
21175
21176
21177
21179
21181
21184
21186
21188
21190
21192
21194
21196
21197
21199
21200
21204
21206
21208
21212
21215
21217
21220
21223
21225
21227
21229
21232
21233
21241
21243
21244
21246
21249
21251
21253
21255
21258
21263
21266
21267
21273
21274
21278
21280
21283
21285
21290
21291
21293
21294
21296
21299
21301
21303
21305
21307
21309
21311
21313
21315
21317
21319
21321
21322
21323
21325
21327
21329
21331
21333
21336
21338
21343
21345
21349
21351
21354
21356
21357
21359
21362
21365
21368
21371
21373
21376
21377
21379
21380
21381
21383
21385
21386
21388
21390
21392
21394
21396
21398
21400
21402
21405
21407
21409
21411
21413
21415
21418
21419
21421
21423
21427
21428
21431
21432
21434
21436
21438
21439
21443
21447
21448
21450
21452
21456
21458
21460
21462
21464
21466
21467
21469
21471
21473
21475
21477
21478
21483
21484
21486
21488
21490
21492
21493
21494
21500
21502
21504
21505
21507
21508
21509
21510
21516
21519
21521
21524
21527
21528
21530
21531
21533
21536
21537
21541
21544
21545
21547
21550
21553
21555
21560
21562
21567
21569
21571
21573
21575
21577
21579
21583
21585
21586
21588
21590
21592
21594
21595
21596
21599
21601
21603
21605
21607
21611
21613
21615
21616
21619
21620
21622
21626
21630
21631
21634
21636
21641
21643
21645
21646
21648
21650
21652
21654
21656
21657
21658
21660
21661
21663
21664
21666
21667
21670
21672
21673
21674
21677
21679
21681
21683
21685
21687
21690
21692
21695
21700
21701
21703
21707
21710
21711
21713
21715
21719
21721
21723
21726
21727
21730
21732
21734
21736
21739
21741
21742
21745
21748
21751
21754
21756
21758
21761
21762
21764
21766
21768
21773
21774
21776
21779
21783
21786
21788
21790
21794
21796
21801
21803
21806
21808
21811
21813
21815
21817
21820
21822
21824
21826
21828
21829
21834
21836
21837
21839
21840
21843
21844
21846
21851
21855
21856
21858
21860
21862
21869
21871
21872
21874
21875
21880
21882
21884
21887
21889
21890
21892
21896
21899
21901
21904
21906
21908
21910
21912
21913
21915
21917
21919
21921
21923
21925
21931
21932
21934
21937
21938
21940
21942
21943
21947
21948
21950
21954
21956
21957
21959
21961
21962
21965
21966
21970
21972
21974
21976
21978
21980
21982
21984
21987
21988
21990
21991
21993
21995
21996
21998
22000
22002
22004
22006
22010
22011
22012
22013
22018
22020
22022
22023
22025
22026
22028
22030
22032
22034
22036
22042
22044
22047
22048
22051
22058
22060
22062
22063
22064
22065
22067
22069
22071
22073
22074
22075
22077
22078
22080
22082
22084
22087
22088
22092
22094
22096
22097
22098
22101
22103
22105
22109
22111
22114
22117
22119
22120
22122
22124
22126
22128
22130
22132
22133
22135
22137
22141
22143
22144
22147
22151
22153
22155
22162
22166
22167
22169
22171
22176
22177
22180
22182
22187
22189
22191
22193
22196
22199
22201
22203
22206
22208
22209
22211
22212
22213
22217
22220
22221
22223
22225
22232
22234
22237
22239
22241
22244
22246
22248
22255
22256
22257
22258
22261
22262
22265
22268
22269
22271
22273
22275
22281
22285
22288
22290
22298
22299
22301
22304
22306
22309
22311
22313
22315
22317
22319
22320
22325
22326
22329
22333
22335
22343
22344
22350
22352
22354
22356
22359
22362
22364
22367
22369
22370
22374
22376
22380
22382
22383
22384
22386
22389
22391
22392
22396
22398
22400
22401
22403
22405
22406
22408
22411
22413
22414
22416
22417
22420
22422
22427
22429
22430
22431
22436
22437
22439
22442
22444
22447
22452
22454
22459
22460
22461
22464
22468
22471
22472
22474
22477
22479
22482
22485
22486
22488
22491
22493
22498
22500
22503
22505
22506
22509
22511
22514
22515
22520
22522
22524
22531
22533
22535
22538
22542
22545
22547
22549
22551
22553
22556
22560
22563
22565
22569
22570
22573
22576
22577
22578
22580
22582
22583
22585
22587
22589
22590
22592
22595
22598
22599
22600
22603
22605
22607
22609
22612
22615
22621
22624
22627
22629
22632
22633
22635
22637
22639
22644
22646
22648
22650
22653
22654
22656
22657
22658
22660
22662
22664
22666
22668
22672
22674
22675
22680
22682
22684
22692
22694
22695
22699
22702
22704
22709
22712
22714
22716
22718
22725
22729
22732
22734
22735
22738
22740
22743
22745
22748
22750
22751
22753
22755
22758
22760
22762
22765
22767
22769
22773
22776
22778
22779
22782
22784
22786
22788
22790
22792
22795
22797
22800
22803
22805
22807
22809
22811
22814
22820
22822
22824
22827
22828
22830
22831
22835
22837
22839
22841
22843
22845
22850
22851
22852
22854
22856
22857
22860
22862
22867
22868
22869
22870
22871
22873
22874
22876
22878
22883
22884
22885
22889
22893
22895
22896
22897
22898
22900
22905
22907
22909
22911
22912
22914
22916
22920
22922
22923
22925
22930
22933
22934
22935
22938
22942
22944
22947
22948
22951
22952
22954
22956
22959
22960
22965
22970
22972
22974
22976
22978
22979
22981
22983
22985
22988
22991
22993
22995
22998
23000
23005
23007
23009
23014
23016
23018
23021
23025
23028
23034
23036
23038
23040
23042
23044
23046
23048
23050
23052
23053
23055
23061
23062
23064
23066
23067
23070
23072
23073
23075
23078
23082
23084
23094
23097
23098
23101
23102
23104
23106
23108
23110
23113
23115
23117
23119
23120
23122
23125
23127
23129
23131
23133
23135
23137
23139
23141
23142
23144
23145
23147
23149
23151
23155
23156
23158
23160
23161
23163
23164
23165
23168
23170
23176
23179
23180
23182
23184
23187
23191
23192
23194
23196
23198
23201
23203
23206
23208
23210
23212
23213
23217
23219
23221
23222
23223
23226
23227
23229
23231
23234
23236
23239
23241
23245
23247
23249
23251
23253
23254
23257
23262
23263
23265
23267
23269
23271
23273
23282
23285
23290
23292
23293
23295
23297
23299
23303
23305
23309
23311
23318
23320
23326
23328
23330
23331
23333
23337
23339
23341
23342
23343
23345
23346
23347
23350
23352
23354
23357
23358
23361
23363
23367
23369
23372
23373
23374
23377
23378
23382
23385
23387
23393
23396
23400
23402
23404
23406
23408
23410
23411
23414
23417
23422
23424
23427
23433
23435
23438
23441
23443
23445
23450
23451
23452
23456
23462
23467
23470
23472
23475
23477
23481
23484
23491
23493
23494
23498
23500
23504
23506
23508
23509
23512
23516
23518
23520
23522
23525
23528
23530
23532
23536
23538
23541
