c 27717 vertices
c 133665 edges
c 133665 edges after de-duplication
s vc 27717 16013
1
2
3
4
5
8
9
11
12
13
16
17
18
19
20
22
24
25
27
28
30
31
32
33
36
37
38
39
40
42
43
45
46
47
49
50
52
54
55
56
57
58
60
61
63
64
65
67
68
69
73
75
76
77
78
81
82
84
86
87
88
90
92
94
95
96
98
100
102
103
104
106
108
109
112
114
115
116
117
120
122
124
126
127
128
129
130
131
132
133
134
135
137
138
139
140
141
142
143
144
146
147
148
149
150
151
152
153
154
155
156
157
158
159
160
161
162
163
164
165
166
167
168
169
170
171
172
174
175
176
177
179
181
183
185
187
188
189
190
191
192
193
194
196
197
199
200
201
202
203
204
205
207
208
209
211
212
213
214
215
216
217
218
220
221
223
224
225
226
227
228
230
231
232
233
234
236
237
238
239
240
242
243
244
245
247
248
249
250
251
252
253
254
255
257
258
259
260
261
263
265
266
267
268
269
270
272
273
274
275
277
279
280
281
282
283
284
285
286
288
289
291
293
294
295
296
298
299
300
302
303
304
305
307
308
309
311
313
314
315
316
317
318
320
321
323
324
325
326
328
330
332
333
334
335
336
337
339
340
341
343
345
346
347
349
351
352
353
354
355
356
357
359
360
361
362
364
365
366
368
369
370
371
372
373
375
376
377
379
380
381
382
383
384
386
387
388
389
391
392
393
394
395
396
398
399
400
401
403
405
406
407
408
409
410
412
413
414
415
417
418
419
420
421
422
423
425
426
427
429
430
431
432
433
434
435
436
438
439
441
443
444
445
446
447
448
450
451
452
453
455
457
458
459
460
461
462
463
464
465
466
468
470
471
472
473
474
475
476
478
479
480
481
482
483
484
485
486
487
488
489
491
492
493
494
495
496
497
498
500
501
502
503
505
507
509
511
512
513
516
517
518
519
520
521
522
524
525
526
527
528
529
531
533
535
537
539
540
541
542
543
544
545
546
548
549
552
553
554
555
556
557
559
561
563
565
567
569
570
572
573
575
577
579
581
583
585
586
588
590
592
594
596
597
599
601
602
603
604
605
606
608
610
612
613
615
617
619
620
622
624
626
628
630
631
633
635
637
639
641
643
645
646
648
649
651
653
655
657
659
660
662
664
666
668
670
672
674
676
678
680
682
683
684
685
686
688
689
690
692
694
696
698
700
702
704
705
706
708
710
711
712
714
715
717
719
720
721
722
723
725
727
728
729
730
731
733
735
736
738
740
742
744
746
747
749
751
752
753
755
757
758
759
760
761
762
763
764
765
766
767
768
769
770
771
772
773
775
776
777
778
779
780
781
782
783
784
785
786
787
788
789
790
791
792
793
794
795
796
797
798
799
800
801
802
804
806
807
809
810
811
812
813
814
815
817
818
819
821
823
825
826
828
829
830
831
832
833
834
835
836
837
838
840
843
844
845
846
847
849
850
851
853
854
855
856
857
858
859
860
861
863
864
865
867
868
869
871
872
873
874
875
876
877
878
879
882
883
884
885
887
889
890
891
892
893
894
895
896
898
900
901
902
904
906
907
908
909
910
911
912
913
915
916
917
918
921
922
923
925
926
927
928
930
931
932
933
934
936
937
938
939
941
942
943
945
946
947
948
949
951
953
954
955
956
957
958
959
962
963
964
965
966
968
969
970
971
972
973
974
975
977
978
980
982
984
985
987
989
990
993
995
996
997
999
1001
1002
1003
1004
1005
1006
1008
1011
1012
1013
1014
1015
1016
1020
1022
1024
1025
1027
1030
1032
1034
1035
1037
1039
1041
1042
1043
1045
1047
1048
1050
1051
1052
1055
1057
1058
1059
1061
1064
1066
1067
1068
1070
1073
1074
1075
1077
1079
1081
1083
1085
1086
1087
1089
1091
1092
1095
1097
1099
1100
1101
1103
1105
1107
1109
1111
1113
1115
1117
1119
1120
1122
1123
1124
1125
1126
1127
1128
1129
1131
1133
1135
1137
1139
1141
1143
1144
1146
1147
1148
1149
1150
1151
1152
1153
1155
1157
1159
1161
1163
1165
1167
1169
1171
1173
1175
1177
1178
1179
1180
1181
1182
1184
1185
1186
1187
1189
1191
1193
1195
1197
1199
1201
1203
1205
1206
1208
1210
1212
1213
1214
1215
1216
1217
1219
1220
1221
1222
1224
1226
1227
1229
1231
1233
1235
1237
1239
1241
1242
1244
1246
1248
1250
1252
1254
1256
1258
1260
1262
1264
1266
1267
1269
1270
1271
1272
1273
1274
1276
1277
1278
1279
1280
1281
1283
1285
1287
1289
1291
1293
1295
1297
1299
1301
1303
1305
1307
1309
1311
1313
1315
1316
1318
1320
1322
1324
1326
1328
1330
1332
1334
1336
1338
1340
1342
1344
1346
1348
1350
1352
1354
1356
1358
1360
1362
1364
1366
1368
1370
1372
1374
1376
1378
1380
1382
1384
1386
1388
1390
1392
1394
1395
1397
1399
1401
1403
1405
1407
1409
1411
1412
1413
1415
1418
1420
1422
1424
1426
1428
1430
1432
1434
1436
1438
1440
1441
1442
1444
1446
1448
1450
1452
1453
1455
1457
1459
1461
1463
1465
1467
1468
1470
1472
1473
1474
1478
1480
1482
1484
1485
1486
1488
1490
1492
1493
1495
1497
1499
1501
1503
1505
1507
1509
1511
1512
1516
1518
1520
1522
1524
1526
1528
1530
1532
1534
1536
1538
1539
1540
1541
1543
1545
1547
1549
1551
1553
1555
1557
1559
1560
1562
1564
1566
1568
1570
1572
1574
1576
1577
1578
1579
1581
1583
1585
1587
1589
1591
1592
1593
1594
1595
1596
1598
1599
1600
1601
1603
1605
1607
1609
1611
1612
1616
1618
1620
1622
1624
1626
1628
1630
1632
1634
1636
1638
1639
1641
1643
1644
1646
1648
1650
1652
1653
1655
1657
1659
1661
1663
1665
1667
1669
1671
1672
1674
1676
1678
1679
1681
1683
1685
1687
1689
1691
1693
1695
1698
1700
1702
1704
1706
1708
1710
1712
1714
1716
1717
1719
1721
1723
1725
1727
1729
1730
1731
1733
1735
1737
1739
1740
1742
1744
1745
1746
1749
1750
1751
1753
1754
1755
1756
1757
1758
1760
1761
1762
1763
1764
1767
1769
1770
1771
1773
1774
1775
1776
1777
1778
1780
1782
1784
1786
1788
1790
1792
1794
1796
1798
1800
1802
1804
1806
1808
1809
1810
1811
1812
1813
1815
1816
1817
1819
1821
1823
1825
1827
1829
1831
1833
1835
1837
1839
1841
1843
1845
1847
1849
1851
1853
1855
1857
1859
1861
1863
1865
1867
1869
1871
1873
1875
1877
1879
1881
1883
1885
1887
1889
1891
1893
1895
1897
1899
1901
1903
1905
1907
1909
1911
1913
1915
1917
1919
1921
1923
1925
1927
1929
1931
1933
1935
1936
1938
1940
1942
1944
1946
1948
1950
1952
1954
1956
1958
1960
1962
1963
1965
1966
1968
1970
1972
1974
1976
1978
1980
1982
1984
1986
1988
1990
1992
1994
1996
1998
2000
2002
2004
2005
2007
2009
2011
2013
2014
2017
2018
2019
2020
2022
2023
2026
2028
2029
2030
2031
2034
2036
2038
2040
2042
2044
2046
2048
2050
2052
2054
2055
2057
2059
2061
2063
2065
2067
2069
2071
2073
2075
2077
2079
2081
2083
2085
2087
2088
2089
2091
2093
2094
2096
2098
2100
2102
2104
2106
2108
2110
2112
2114
2116
2118
2120
2122
2124
2126
2128
2130
2132
2134
2136
2138
2139
2141
2143
2145
2147
2149
2151
2153
2155
2157
2159
2161
2163
2164
2165
2167
2169
2171
2173
2175
2177
2179
2181
2183
2185
2187
2189
2190
2192
2194
2196
2198
2200
2202
2205
2207
2209
2211
2213
2215
2216
2217
2219
2221
2223
2225
2227
2228
2231
2233
2235
2237
2238
2240
2242
2244
2246
2248
2251
2253
2255
2257
2259
2261
2263
2265
2267
2269
2271
2273
2275
2277
2279
2281
2283
2285
2287
2289
2291
2293
2295
2297
2299
2301
2303
2305
2307
2309
2311
2313
2315
2317
2319
2321
2323
2325
2327
2329
2331
2333
2335
2337
2339
2341
2343
2345
2347
2349
2351
2353
2355
2357
2359
2361
2362
2363
2364
2365
2366
2367
2369
2371
2373
2375
2377
2379
2381
2383
2385
2387
2389
2391
2393
2395
2396
2399
2400
2402
2404
2406
2408
2410
2412
2414
2416
2418
2420
2422
2424
2426
2428
2429
2431
2432
2433
2436
2438
2440
2442
2444
2446
2448
2450
2451
2453
2454
2455
2456
2458
2459
2460
2461
2463
2464
2466
2468
2470
2472
2474
2476
2478
2480
2482
2484
2486
2488
2489
2491
2493
2495
2497
2499
2501
2503
2505
2507
2509
2511
2513
2515
2517
2519
2521
2523
2524
2526
2528
2530
2532
2534
2536
2538
2540
2542
2544
2546
2548
2550
2552
2554
2556
2558
2560
2562
2564
2566
2568
2570
2571
2574
2576
2578
2580
2582
2584
2586
2588
2590
2592
2594
2596
2598
2600
2602
2604
2606
2608
2610
2612
2614
2616
2618
2620
2622
2624
2626
2628
2630
2632
2634
2636
2637
2638
2640
2642
2644
2646
2648
2650
2652
2654
2656
2658
2660
2661
2663
2665
2667
2669
2671
2673
2675
2677
2679
2681
2683
2685
2686
2687
2689
2691
2693
2695
2697
2699
2701
2702
2706
2708
2710
2712
2714
2716
2718
2720
2722
2724
2726
2728
2729
2731
2733
2735
2737
2739
2741
2743
2745
2747
2749
2750
2751
2752
2753
2755
2756
2757
2758
2761
2762
2763
2764
2766
2767
2768
2769
2772
2774
2776
2779
2781
2784
2785
2786
2788
2790
2793
2795
2798
2800
2803
2805
2808
2810
2812
2814
2816
2817
2818
2819
2820
2822
2823
2827
2829
2831
2833
2835
2837
2839
2841
2843
2845
2847
2849
2851
2853
2854
2855
2856
2857
2859
2861
2863
2865
2867
2869
2871
2873
2875
2877
2878
2879
2880
2882
2884
2886
2888
2890
2892
2894
2895
2896
2897
2898
2900
2902
2904
2906
2908
2910
2912
2913
2916
2918
2920
2922
2924
2926
2928
2930
2932
2934
2936
2938
2940
2941
2942
2943
2944
2946
2948
2950
2952
2954
2956
2958
2960
2962
2964
2966
2968
2970
2972
2973
2974
2975
2976
2977
2979
2981
2983
2984
2985
2986
2987
2989
2991
2993
2994
2995
2996
2997
2998
3002
3004
3006
3007
3008
3010
3012
3014
3016
3017
3018
3020
3022
3024
3025
3026
3027
3028
3029
3030
3031
3034
3035
3036
3037
3039
3040
3041
3042
3043
3045
3046
3047
3048
3049
3050
3052
3054
3055
3056
3057
3058
3060
3062
3063
3064
3065
3066
3068
3069
3071
3072
3073
3074
3075
3078
3079
3080
3081
3082
3084
3085
3086
3087
3088
3090
3091
3092
3093
3094
3096
3097
3099
3100
3102
3103
3105
3106
3107
3108
3109
3111
3112
3114
3115
3116
3117
3118
3120
3121
3122
3123
3124
3125
3126
3127
3128
3129
3131
3132
3135
3136
3137
3138
3140
3141
3143
3144
3145
3146
3147
3149
3150
3152
3153
3154
3155
3156
3158
3159
3161
3162
3164
3165
3166
3167
3168
3169
3171
3172
3173
3174
3175
3176
3177
3179
3180
3181
3183
3184
3185
3186
3187
3188
3189
3191
3192
3193
3194
3195
3196
3198
3199
3200
3201
3203
3204
3206
3207
3208
3209
3210
3211
3213
3214
3215
3216
3217
3219
3220
3221
3222
3223
3224
3226
3227
3228
3229
3231
3232
3233
3234
3235
3236
3237
3239
3240
3241
3242
3243
3244
3245
3246
3247
3248
3249
3250
3251
3253
3254
3255
3257
3258
3259
3261
3262
3263
3264
3265
3266
3267
3269
3270
3271
3272
3274
3275
3276
3277
3278
3279
3280
3281
3282
3283
3284
3285
3286
3287
3288
3289
3292
3293
3295
3297
3298
3299
3300
3301
3302
3303
3304
3305
3306
3307
3308
3309
3311
3312
3314
3315
3316
3317
3318
3319
3320
3321
3322
3323
3324
3325
3326
3327
3328
3329
3330
3331
3332
3333
3334
3335
3336
3337
3338
3339
3340
3341
3342
3343
3344
3345
3346
3347
3348
3350
3351
3352
3353
3354
3356
3357
3358
3359
3361
3362
3364
3365
3367
3368
3369
3370
3371
3372
3373
3374
3375
3376
3378
3379
3380
3381
3383
3384
3385
3386
3387
3390
3391
3392
3393
3394
3395
3396
3398
3399
3400
3401
3403
3404
3405
3406
3407
3408
3409
3410
3411
3413
3414
3416
3417
3418
3419
3420
3421
3422
3423
3424
3425
3426
3427
3430
3431
3432
3433
3434
3436
3439
3441
3442
3443
3444
3445
3446
3447
3448
3449
3450
3451
3452
3454
3455
3456
3457
3458
3459
3460
3461
3463
3464
3465
3467
3469
3470
3471
3472
3473
3474
3476
3477
3478
3479
3480
3481
3483
3484
3485
3486
3487
3488
3489
3490
3491
3493
3494
3495
3496
3497
3498
3499
3500
3501
3502
3505
3506
3507
3508
3510
3511
3512
3513
3514
3515
3516
3517
3518
3519
3520
3521
3522
3525
3526
3527
3528
3529
3530
3531
3532
3534
3535
3536
3537
3539
3540
3541
3543
3544
3546
3547
3548
3549
3550
3551
3552
3553
3554
3555
3556
3557
3559
3560
3563
3564
3565
3566
3567
3569
3571
3572
3573
3575
3576
3577
3578
3579
3582
3583
3584
3585
3587
3588
3590
3591
3592
3593
3594
3596
3597
3599
3600
3603
3604
3605
3606
3607
3608
3609
3611
3612
3615
3616
3617
3618
3619
3620
3621
3622
3623
3625
3626
3628
3630
3631
3632
3633
3634
3635
3636
3638
3639
3640
3641
3642
3643
3644
3645
3647
3648
3649
3650
3651
3652
3653
3654
3655
3657
3658
3659
3660
3661
3662
3663
3665
3667
3668
3669
3670
3671
3673
3674
3675
3676
3677
3678
3679
3680
3681
3683
3684
3685
3686
3687
3688
3690
3692
3693
3694
3695
3696
3697
3698
3699
3700
3702
3704
3706
3707
3708
3709
3710
3711
3712
3714
3715
3716
3717
3718
3719
3720
3721
3722
3723
3725
3726
3727
3728
3729
3730
3731
3732
3734
3735
3736
3737
3738
3739
3740
3741
3742
3744
3745
3746
3747
3748
3749
3750
3751
3752
3754
3755
3756
3757
3758
3759
3760
3761
3762
3764
3765
3766
3767
3768
3769
3770
3771
3772
3773
3776
3777
3778
3779
3781
3782
3784
3785
3787
3789
3791
3793
3795
3797
3806
3808
3810
3812
3814
3816
3818
3820
3821
3823
3825
3828
3829
3831
3833
3834
3835
3836
3838
3839
3841
3842
3844
3852
3853
3857
3859
3860
3861
3863
3865
3868
3870
3871
3873
3878
3883
3885
3887
3889
3891
3893
3895
3898
3899
3901
3903
3908
3910
3911
3913
3917
3918
3919
3920
3921
3922
3925
3927
3929
3931
3933
3935
3937
3939
3947
3949
3951
3953
3954
3956
3958
3959
3961
3963
3964
3965
3966
3967
3969
3970
3971
3973
3974
3976
3977
3978
3979
3980
3985
3989
3990
3991
3993
3994
3995
3996
3998
4000
4002
4004
4006
4008
4016
4017
4018
4019
4021
4023
4025
4027
4029
4031
4034
4035
4038
4044
4048
4050
4051
4052
4054
4056
4059
4061
4062
4071
4072
4073
4077
4079
4081
4083
4085
4087
4088
4089
4094
4100
4102
4104
4106
4108
4109
4110
4112
4114
4116
4118
4124
4125
4126
4127
4129
4132
4133
4135
4136
4137
4138
4139
4140
4141
4143
4144
4146
4147
4148
4149
4150
4151
4152
4153
4154
4158
4159
4160
4161
4162
4163
4165
4166
4168
4170
4172
4174
4176
4183
4186
4188
4190
4192
4194
4196
4204
4206
4208
4210
4212
4214
4216
4217
4218
4219
4220
4222
4223
4224
4225
4226
4229
4232
4235
4237
4239
4240
4241
4242
4250
4253
4254
4256
4258
4261
4263
4264
4265
4267
4269
4275
4278
4279
4280
4281
4282
4283
4287
4288
4290
4291
4293
4295
4297
4299
4301
4303
4304
4305
4307
4308
4309
4311
4312
4313
4314
4315
4316
4317
4319
4320
4322
4328
4330
4332
4333
4334
4335
4336
4337
4339
4344
4347
4349
4350
4352
4354
4356
4358
4360
4362
4363
4364
4366
4372
4373
4374
4376
4378
4379
4380
4381
4383
4384
4385
4386
4388
4389
4391
4392
4395
4397
4399
4401
4403
4405
4406
4407
4408
4410
4411
4412
4420
4422
4424
4426
4427
4429
4431
4433
4434
4436
4443
4445
4446
4447
4448
4450
4451
4452
4453
4454
4455
4457
4462
4464
4466
4468
4470
4472
4474
4475
4480
4481
4486
4488
4489
4491
4493
4495
4497
4499
4501
4502
4504
4505
4512
4513
4516
4518
4520
4522
4523
4525
4527
4529
4530
4531
4533
4534
4535
4538
4539
4543
4544
4548
4549
4550
4551
4552
4556
4557
4559
4561
4563
4564
4565
4566
4568
4569
4570
4572
4574
4575
4576
4577
4579
4581
4583
4585
4586
4588
4589
4597
4599
4601
4603
4604
4605
4607
4608
4609
4610
4613
4614
4615
4617
4619
4622
4623
4625
4627
4635
4637
4639
4641
4643
4645
4647
4648
4650
4651
4652
4653
4654
4655
4656
4657
4658
4659
4660
4662
4663
4665
4666
4667
4668
4669
4670
4671
4672
4674
4675
4676
4677
4678
4679
4680
4681
4682
4683
4684
4685
4686
4687
4688
4689
4690
4691
4692
4693
4694
4695
4696
4697
4698
4699
4700
4704
4706
4707
4709
4710
4711
4712
4713
4714
4715
4716
4718
4719
4722
4723
4724
4725
4726
4727
4730
4731
4732
4733
4734
4736
4738
4739
4740
4741
4742
4743
4744
4745
4746
4747
4748
4749
4752
4754
4756
4758
4759
4760
4761
4762
4763
4764
4765
4766
4768
4769
4770
4773
4775
4776
4777
4778
4780
4781
4782
4784
4786
4787
4788
4789
4790
4791
4792
4793
4794
4795
4796
4797
4798
4800
4801
4802
4804
4806
4807
4808
4809
4810
4811
4813
4815
4816
4817
4818
4820
4822
4824
4825
4826
4827
4828
4829
4832
4833
4834
4837
4841
4843
4844
4845
4846
4847
4848
4849
4850
4851
4852
4854
4856
4859
4860
4861
4862
4863
4865
4866
4867
4868
4870
4871
4873
4875
4878
4880
4881
4882
4883
4885
4886
4887
4889
4891
4893
4894
4895
4899
4900
4904
4905
4909
4910
4912
4914
4915
4918
4920
4922
4923
4924
4927
4928
4929
4931
4932
4934
4935
4936
4937
4938
4939
4941
4942
4943
4944
4945
4946
4947
4948
4949
4950
4951
4952
4953
4954
4955
4956
4957
4958
4959
4960
4961
4962
4963
4964
4965
4966
4967
4968
4969
4970
4971
4972
4973
4974
4975
4976
4977
4979
4980
4982
4986
4987
4991
4992
4993
4994
4996
4997
4999
5000
5001
5002
5003
5005
5007
5010
5011
5012
5015
5017
5018
5020
5021
5022
5023
5024
5026
5027
5029
5031
5034
5035
5036
5038
5043
5044
5045
5046
5051
5052
5053
5054
5056
5057
5058
5059
5060
5061
5063
5064
5065
5066
5067
5068
5070
5071
5072
5073
5075
5077
5079
5080
5081
5082
5083
5084
5085
5086
5087
5089
5091
5092
5093
5094
5095
5096
5097
5099
5100
5101
5102
5103
5104
5105
5106
5107
5108
5110
5111
5112
5113
5114
5115
5116
5117
5118
5119
5120
5121
5122
5124
5125
5126
5128
5129
5130
5131
5132
5133
5135
5136
5137
5138
5139
5140
5142
5143
5144
5148
5149
5150
5151
5152
5154
5155
5156
5157
5160
5161
5162
5163
5164
5165
5167
5168
5169
5171
5173
5174
5175
5176
5177
5179
5180
5181
5182
5183
5185
5187
5188
5189
5190
5191
5192
5193
5194
5196
5197
5199
5201
5203
5208
5209
5210
5211
5213
5214
5215
5216
5220
5221
5223
5224
5225
5226
5227
5228
5229
5230
5231
5232
5233
5234
5235
5238
5239
5240
5241
5242
5243
5245
5246
5247
5248
5249
5250
5251
5253
5255
5256
5257
5258
5259
5261
5262
5264
5266
5267
5268
5269
5270
5272
5274
5275
5277
5278
5279
5280
5281
5283
5285
5287
5288
5289
5290
5291
5293
5295
5297
5298
5299
5300
5301
5303
5305
5307
5308
5309
5310
5311
5313
5314
5315
5316
5318
5319
5320
5321
5323
5324
5325
5326
5328
5329
5332
5333
5334
5335
5336
5337
5339
5341
5342
5343
5344
5345
5346
5348
5349
5352
5355
5357
5358
5359
5360
5361
5362
5363
5366
5367
5368
5369
5370
5372
5373
5374
5375
5376
5378
5379
5380
5381
5382
5383
5384
5385
5386
5387
5388
5389
5390
5391
5392
5394
5396
5397
5398
5399
5400
5401
5402
5403
5405
5408
5410
5411
5412
5413
5414
5416
5417
5418
5420
5421
5422
5423
5424
5426
5427
5428
5429
5430
5432
5434
5435
5436
5437
5438
5440
5442
5444
5445
5446
5447
5448
5450
5453
5454
5455
5456
5457
5458
5460
5463
5464
5465
5466
5467
5468
5470
5472
5473
5474
5475
5476
5478
5480
5482
5483
5484
5485
5486
5488
5489
5491
5492
5493
5494
5495
5496
5498
5500
5501
5502
5503
5504
5506
5507
5508
5509
5510
5512
5513
5514
5515
5516
5519
5520
5521
5522
5523
5525
5526
5527
5528
5529
5531
5533
5534
5535
5536
5537
5539
5540
5541
5542
5543
5546
5547
5548
5549
5550
5552
5553
5554
5555
5556
5558
5561
5563
5565
5568
5570
5572
5574
5576
5579
5583
5585
5586
5589
5591
5592
5596
5601
5602
5603
5604
5605
5606
5607
5608
5610
5612
5614
5615
5616
5617
5622
5625
5627
5629
5631
5637
5641
5643
5645
5647
5649
5651
5652
5654
5655
5656
5657
5658
5659
5662
5664
5665
5666
5668
5670
5671
5672
5673
5674
5675
5677
5678
5679
5680
5682
5683
5685
5686
5687
5688
5689
5690
5691
5699
5700
5701
5702
5704
5706
5708
5711
5714
5716
5718
5721
5722
5727
5730
5732
5733
5735
5737
5739
5740
5742
5745
5747
5748
5750
5755
5756
5758
5762
5763
5765
5767
5769
5771
5775
5776
5779
5780
5789
5791
5793
5794
5795
5797
5799
5801
5805
5806
5810
5811
5818
5821
5822
5823
5824
5825
5826
5828
5830
5832
5834
5836
5839
5846
5849
5851
5853
5854
5855
5857
5859
5861
5865
5866
5867
5868
5869
5870
5871
5872
5873
5874
5875
5876
5878
5879
5880
5882
5883
5884
5885
5886
5887
5888
5889
5890
5891
5892
5893
5894
5895
5896
5897
5898
5899
5900
5901
5902
5903
5904
5905
5906
5907
5909
5912
5914
5916
5917
5918
5919
5921
5922
5923
5925
5926
5927
5929
5930
5931
5932
5933
5934
5936
5937
5939
5940
5941
5944
5946
5947
5948
5949
5950
5951
5952
5953
5954
5956
5958
5960
5962
5964
5965
5967
5968
5969
5971
5972
5973
5975
5976
5977
5978
5979
5980
5982
5983
5984
5986
5987
5988
5989
5990
5991
5993
5994
5995
5996
5997
5998
5999
6000
6003
6004
6005
6006
6008
6009
6010
6011
6012
6013
6014
6015
6020
6021
6024
6025
6027
6028
6029
6030
6031
6032
6033
6034
6037
6038
6039
6041
6042
6043
6044
6045
6046
6047
6049
6050
6051
6052
6053
6054
6056
6057
6058
6059
6062
6064
6065
6066
6068
6071
6073
6074
6075
6077
6078
6080
6085
6086
6088
6090
6091
6093
6094
6098
6099
6101
6104
6105
6106
6107
6108
6109
6110
6112
6115
6116
6117
6118
6119
6121
6123
6124
6126
6128
6131
6132
6133
6135
6137
6138
6140
6142
6144
6145
6146
6147
6148
6150
6151
6152
6153
6154
6155
6158
6163
6164
6169
6170
6175
6176
6177
6179
6180
6181
6182
6183
6184
6186
6187
6189
6192
6194
6195
6196
6198
6200
6206
6212
6214
6215
6216
6217
6218
6219
6220
6221
6222
6224
6226
6227
6228
6229
6230
6231
6232
6234
6235
6236
6238
6240
6241
6242
6243
6244
6245
6246
6247
6248
6249
6250
6251
6252
6253
6254
6256
6257
6258
6259
6260
6261
6262
6264
6265
6266
6270
6271
6272
6273
6275
6276
6277
6278
6281
6282
6283
6284
6285
6287
6288
6289
6292
6293
6294
6295
6296
6297
6298
6299
6301
6303
6304
6305
6306
6307
6308
6309
6310
6312
6314
6315
6316
6317
6318
6319
6320
6321
6322
6324
6327
6328
6330
6331
6333
6334
6335
6336
6337
6338
6340
6344
6345
6347
6348
6351
6352
6354
6356
6357
6358
6363
6364
6365
6366
6370
6371
6375
6376
6377
6378
6379
6380
6382
6383
6385
6387
6389
6391
6395
6396
6398
6406
6407
6409
6412
6414
6415
6417
6420
6423
6426
6427
6428
6429
6431
6432
6433
6434
6437
6441
6446
6447
6449
6451
6454
6456
6457
6458
6460
6461
6463
6468
6474
6477
6479
6481
6483
6485
6488
6490
6492
6494
6498
6505
6508
6510
6511
6512
6513
6515
6516
6517
6518
6520
6521
6522
6524
6525
6528
6530
6532
6534
6542
6546
6548
6550
6552
6556
6558
6559
6560
6561
6562
6563
6565
6566
6567
6568
6570
6575
6577
6579
6583
6585
6587
6588
6589
6590
6591
6592
6596
6597
6600
6601
6604
6608
6615
6618
6620
6622
6624
6625
6626
6627
6630
6632
6638
6643
6644
6646
6648
6651
6654
6655
6656
6658
6664
6666
6667
6668
6670
6671
6672
6673
6674
6676
6677
6682
6683
6685
6687
6690
6692
6694
6696
6698
6699
6700
6704
6705
6708
6710
6711
6712
6713
6714
6716
6719
6722
6726
6727
6729
6732
6734
6736
6746
6748
6750
6752
6754
6756
6758
6759
6760
6761
6764
6765
6766
6768
6769
6770
6772
6775
6782
6790
6792
6794
6796
6797
6798
6799
6801
6802
6803
6804
6805
6807
6808
6809
6810
6811
6812
6815
6817
6819
6821
6822
6824
6832
6834
6836
6839
6841
6842
6844
6846
6849
6851
6853
6854
6857
6858
6859
6860
6861
6862
6863
6865
6866
6870
6871
6872
6877
6880
6881
6884
6886
6887
6889
6891
6892
6898
6904
6907
6910
6912
6913
6915
6917
6923
6927
6929
6930
6931
6932
6933
6935
6936
6937
6938
6940
6941
6942
6944
6945
6946
6947
6948
6950
6951
6952
6953
6954
6955
6956
6957
6958
6959
6962
6963
6964
6965
6966
6968
6969
6970
6971
6975
6976
6977
6978
6979
6980
6982
6983
6984
6985
6987
6988
6989
6990
6991
6992
6993
6995
6996
6998
6999
7000
7001
7002
7004
7005
7007
7008
7009
7010
7011
7013
7014
7015
7016
7017
7018
7020
7021
7022
7023
7024
7025
7026
7027
7034
7036
7037
7038
7039
7040
7042
7043
7045
7046
7047
7048
7049
7051
7052
7054
7055
7057
7058
7059
7060
7061
7062
7063
7064
7066
7068
7070
7071
7073
7074
7075
7076
7077
7079
7080
7082
7083
7084
7086
7087
7088
7089
7090
7092
7093
7095
7096
7097
7098
7099
7101
7104
7105
7106
7107
7108
7109
7111
7112
7114
7116
7117
7118
7119
7120
7121
7123
7124
7125
7126
7129
7130
7131
7132
7133
7135
7136
7137
7138
7139
7141
7142
7144
7145
7146
7147
7149
7150
7151
7152
7153
7155
7156
7157
7158
7159
7161
7162
7163
7164
7165
7166
7168
7169
7170
7171
7173
7174
7175
7176
7178
7179
7180
7181
7184
7186
7187
7188
7189
7190
7192
7193
7194
7195
7196
7197
7198
7199
7200
7202
7203
7204
7206
7207
7208
7209
7210
7211
7212
7213
7214
7215
7216
7217
7218
7219
7220
7221
7222
7223
7224
7225
7227
7228
7229
7230
7231
7232
7233
7234
7235
7236
7237
7239
7240
7241
7242
7243
7244
7245
7246
7247
7248
7249
7250
7251
7253
7254
7255
7256
7257
7258
7259
7260
7261
7262
7263
7264
7265
7266
7267
7269
7270
7271
7272
7273
7274
7275
7276
7277
7278
7279
7280
7282
7283
7284
7286
7288
7289
7290
7291
7292
7293
7294
7295
7296
7297
7298
7300
7301
7302
7305
7306
7307
7308
7309
7311
7312
7313
7314
7315
7317
7318
7319
7320
7321
7322
7323
7325
7326
7327
7328
7329
7330
7332
7333
7334
7335
7336
7337
7338
7340
7341
7342
7344
7345
7346
7348
7350
7351
7352
7353
7354
7355
7356
7357
7359
7360
7361
7362
7363
7364
7365
7366
7367
7368
7369
7370
7372
7374
7375
7376
7377
7378
7379
7380
7381
7382
7383
7385
7386
7387
7389
7390
7391
7392
7393
7394
7396
7397
7398
7399
7401
7402
7404
7405
7406
7407
7408
7410
7412
7413
7415
7417
7418
7419
7422
7423
7426
7428
7429
7430
7431
7432
7433
7436
7437
7438
7439
7440
7441
7442
7444
7445
7448
7449
7450
7451
7452
7453
7455
7456
7458
7459
7462
7463
7464
7465
7466
7467
7468
7470
7471
7472
7474
7475
7476
7477
7478
7479
7480
7481
7483
7485
7486
7487
7488
7490
7491
7492
7493
7494
7495
7496
7498
7499
7501
7502
7504
7505
7506
7507
7508
7511
7512
7514
7516
7517
7518
7519
7520
7521
7522
7523
7524
7525
7526
7527
7528
7530
7531
7532
7533
7534
7535
7536
7537
7538
7539
7540
7541
7543
7544
7545
7546
7547
7548
7549
7550
7551
7552
7553
7554
7555
7556
7557
7558
7559
7561
7562
7563
7564
7565
7566
7567
7568
7570
7571
7572
7573
7574
7575
7576
7577
7578
7580
7581
7582
7583
7584
7585
7586
7587
7588
7590
7591
7592
7593
7594
7595
7596
7597
7598
7599
7600
7602
7603
7604
7605
7606
7607
7608
7609
7611
7612
7613
7614
7615
7616
7617
7619
7620
7621
7623
7624
7625
7626
7627
7628
7629
7630
7631
7632
7633
7634
7635
7637
7638
7639
7640
7641
7643
7644
7645
7646
7647
7648
7649
7651
7652
7653
7654
7655
7656
7658
7659
7660
7663
7664
7665
7667
7668
7669
7670
7672
7675
7676
7680
7682
7683
7687
7691
7692
7693
7694
7696
7697
7698
7699
7701
7707
7710
7714
7718
7723
7724
7726
7727
7729
7730
7731
7732
7733
7734
7736
7737
7738
7739
7740
7741
7744
7748
7749
7750
7753
7756
7760
7769
7770
7771
7772
7773
7774
7787
7805
7811
7813
7814
7815
7816
7817
7819
7820
7821
7825
7830
7835
7837
7838
7840
7843
7844
7845
7846
7848
7849
7850
7854
7856
7857
7862
7866
7867
7869
7870
7872
7874
7877
7879
7882
7886
7890
7894
7909
7914
7917
7920
7930
7932
7934
7936
7938
7941
7944
7949
7950
7951
7952
7953
7954
7955
7956
7957
7958
7960
7962
7963
7967
7971
7976
7979
7985
7986
7987
7988
7989
7991
7992
7993
7997
7999
8000
8002
8005
8007
8010
8016
8018
8019
8020
8021
8023
8024
8025
8028
8033
8044
8058
8059
8060
8061
8062
8065
8066
8067
8068
8069
8070
8071
8072
8076
8078
8080
8082
8084
8087
8088
8089
8092
8093
8100
8102
8103
8106
8108
8110
8112
8113
8114
8115
8116
8117
8118
8119
8121
8122
8123
8124
8125
8126
8128
8129
8130
8131
8132
8133
8135
8137
8138
8139
8141
8143
8148
8149
8154
8155
8161
8162
8165
8166
8172
8173
8177
8178
8180
8181
8182
8184
8185
8186
8187
8192
8196
8197
8198
8200
8203
8204
8205
8206
8207
8209
8210
8211
8212
8213
8214
8216
8232
8238
8242
8243
8245
8246
8247
8248
8249
8251
8252
8253
8255
8256
8257
8258
8259
8260
8261
8262
8263
8264
8265
8266
8267
8268
8270
8271
8272
8273
8274
8275
8276
8277
8278
8279
8280
8281
8282
8283
8284
8285
8286
8287
8288
8289
8290
8291
8292
8293
8294
8295
8296
8297
8298
8299
8300
8302
8304
8306
8308
8309
8310
8311
8312
8313
8314
8315
8316
8318
8319
8320
8321
8322
8324
8325
8328
8329
8330
8331
8333
8334
8335
8338
8339
8340
8341
8342
8343
8345
8346
8347
8348
8349
8350
8352
8353
8354
8355
8357
8361
8363
8364
8365
8366
8367
8368
8369
8371
8372
8374
8375
8376
8379
8380
8381
8383
8384
8385
8387
8388
8389
8390
8391
8393
8394
8395
8396
8397
8399
8400
8402
8403
8404
8405
8406
8407
8408
8409
8410
8411
8414
8415
8416
8417
8418
8419
8420
8421
8422
8423
8424
8426
8427
8429
8430
8431
8434
8435
8436
8437
8438
8439
8440
8442
8443
8444
8445
8448
8449
8450
8451
8452
8454
8455
8456
8457
8461
8462
8466
8467
8472
8473
8476
8477
8482
8483
8486
8487
8491
8492
8495
8499
8500
8502
8503
8506
8507
8510
8514
8515
8518
8519
8524
8526
8528
8534
8535
8536
8537
8538
8540
8541
8542
8543
8544
8545
8547
8548
8549
8550
8551
8552
8553
8555
8557
8558
8559
8560
8561
8563
8564
8565
8566
8567
8569
8570
8571
8572
8573
8575
8576
8577
8578
8579
8581
8583
8584
8585
8586
8587
8588
8589
8590
8591
8593
8595
8596
8597
8598
8599
8600
8602
8603
8604
8605
8606
8607
8608
8609
8610
8611
8613
8614
8615
8616
8617
8618
8620
8621
8622
8623
8624
8625
8626
8627
8629
8630
8631
8632
8638
8639
8640
8641
8642
8643
8645
8646
8647
8649
8650
8651
8652
8653
8654
8656
8657
8658
8660
8663
8665
8667
8669
8671
8672
8673
8674
8675
8676
8677
8679
8680
8681
8682
8689
8690
8691
8692
8694
8695
8696
8697
8700
8701
8702
8703
8705
8706
8707
8709
8710
8712
8713
8714
8715
8716
8717
8719
8720
8721
8722
8723
8725
8730
8731
8732
8733
8734
8737
8738
8743
8746
8747
8748
8749
8750
8751
8752
8753
8755
8756
8758
8763
8764
8765
8766
8768
8769
8771
8772
8773
8774
8775
8777
8778
8780
8781
8783
8784
8785
8786
8787
8788
8789
8790
8792
8793
8794
8795
8797
8800
8802
8803
8804
8805
8807
8809
8811
8812
8813
8815
8817
8819
8820
8821
8822
8824
8826
8827
8828
8829
8830
8832
8833
8834
8835
8836
8837
8838
8839
8840
8841
8842
8844
8845
8849
8850
8851
8853
8854
8855
8859
8860
8861
8862
8863
8864
8865
8866
8868
8869
8870
8871
8872
8874
8875
8876
8877
8878
8879
8880
8882
8883
8884
8886
8887
8888
8890
8892
8893
8894
8895
8897
8898
8899
8900
8901
8902
8903
8905
8906
8907
8908
8909
8910
8911
8912
8913
8915
8916
8917
8918
8919
8921
8922
8923
8924
8925
8927
8928
8929
8930
8931
8932
8933
8934
8935
8936
8937
8939
8940
8942
8944
8946
8948
8949
8950
8951
8953
8954
8955
8957
8958
8959
8960
8962
8964
8965
8966
8967
8968
8970
8971
8973
8974
8975
8976
8978
8979
8980
8981
8983
8984
8985
8987
8989
8990
8991
8992
8994
8997
8998
8999
9000
9001
9002
9004
9006
9008
9009
9010
9011
9012
9013
9014
9015
9017
9018
9019
9020
9021
9022
9023
9024
9026
9027
9028
9029
9030
9031
9032
9035
9036
9037
9038
9039
9040
9041
9042
9043
9045
9046
9047
9048
9050
9051
9052
9053
9055
9056
9057
9058
9060
9063
9064
9065
9066
9067
9069
9072
9073
9074
9075
9076
9077
9079
9081
9082
9083
9084
9086
9088
9090
9092
9094
9096
9097
9100
9101
9102
9103
9105
9107
9108
9109
9112
9113
9114
9115
9116
9118
9120
9121
9127
9129
9138
9139
9148
9151
9153
9156
9157
9162
9163
9169
9170
9174
9176
9177
9178
9179
9180
9181
9182
9183
9186
9187
9189
9190
9196
9197
9201
9202
9206
9207
9210
9211
9216
9217
9223
9224
9226
9227
9237
9238
9249
9250
9252
9253
9254
9255
9256
9257
9258
9259
9260
9261
9263
9264
9265
9266
9267
9268
9269
9270
9271
9272
9273
9274
9275
9276
9278
9279
9280
9281
9282
9283
9284
9285
9286
9287
9288
9289
9290
9291
9292
9293
9294
9295
9296
9297
9298
9299
9301
9302
9305
9306
9307
9309
9311
9312
9313
9314
9316
9317
9318
9320
9321
9322
9323
9324
9327
9328
9329
9330
9331
9332
9335
9336
9337
9338
9339
9340
9341
9342
9343
9345
9346
9347
9348
9350
9352
9353
9354
9355
9356
9357
9358
9361
9362
9364
9368
9369
9372
9375
9376
9377
9378
9379
9380
9381
9383
9385
9386
9387
9388
9390
9391
9392
9393
9394
9395
9396
9397
9399
9401
9402
9405
9406
9409
9411
9412
9413
9414
9415
9417
9418
9419
9420
9424
9427
9431
9432
9435
9436
9439
9440
9444
9445
9448
9450
9453
9456
9457
9460
9461
9462
9463
9464
9465
9467
9471
9472
9476
9477
9480
9481
9482
9485
9486
9490
9491
9493
9500
9501
9502
9503
9504
9506
9507
9508
9509
9511
9512
9513
9514
9515
9516
9518
9519
9520
9523
9524
9525
9526
9527
9529
9530
9531
9532
9534
9535
9536
9537
9538
9539
9541
9542
9543
9544
9545
9546
9547
9548
9549
9551
9552
9553
9554
9555
9556
9557
9558
9560
9561
9566
9567
9568
9569
9570
9571
9572
9574
9575
9577
9578
9579
9580
9581
9582
9584
9585
9586
9589
9591
9593
9594
9595
9596
9597
9598
9600
9601
9602
9604
9607
9610
9611
9612
9613
9615
9616
9617
9618
9622
9624
9625
9626
9627
9629
9630
9631
9632
9634
9636
9638
9640
9643
9644
9645
9646
9647
9649
9650
9651
9655
9660
9661
9662
9664
9666
9668
9670
9671
9672
9674
9677
9680
9681
9685
9686
9691
9694
9696
9697
9699
9701
9704
9706
9711
9715
9717
9719
9722
9724
9725
9727
9729
9731
9737
9738
9740
9742
9744
9746
9747
9748
9749
9750
9752
9754
9755
9756
9761
9765
9767
9769
9771
9773
9775
9776
9777
9779
9781
9784
9785
9792
9795
9797
9799
9801
9805
9810
9811
9813
9815
9816
9820
9821
9823
9825
9827
9831
9832
9837
9839
9842
9843
9845
9847
9850
9851
9864
9865
9867
9868
9874
9877
9880
9882
9883
9885
9887
9888
9896
9898
9900
9902
9905
9907
9914
9916
9918
9920
9922
9934
9940
9942
9944
9946
9954
9956
9959
9961
9962
9964
9966
9969
9970
9974
9976
9977
9978
9982
9986
9989
9991
9993
9995
10002
10003
10004
10006
10007
10008
10009
10010
10011
10012
10014
10015
10016
10017
10018
10019
10021
10022
10023
10024
10026
10027
10029
10030
10031
10032
10034
10035
10036
10037
10039
10040
10041
10042
10043
10044
10045
10047
10048
10050
10051
10052
10053
10054
10055
10056
10058
10059
10061
10062
10063
10064
10065
10067
10068
10069
10071
10072
10073
10074
10075
10077
10078
10079
10080
10082
10083
10085
10086
10088
10089
10090
10091
10093
10094
10096
10097
10098
10099
10100
10101
10102
10104
10106
10107
10108
10109
10110
10111
10112
10116
10118
10119
10120
10121
10123
10124
10125
10126
10127
10129
10130
10131
10132
10133
10135
10136
10137
10138
10139
10141
10143
10144
10146
10147
10150
10151
10153
10154
10155
10156
10157
10158
10160
10162
10163
10166
10167
10169
10170
10171
10172
10173
10175
10176
10177
10178
10179
10180
10181
10182
10184
10185
10186
10187
10188
10189
10190
10191
10193
10195
10196
10197
10198
10199
10200
10201
10202
10203
10205
10206
10207
10209
10211
10212
10213
10214
10215
10216
10218
10219
10220
10221
10222
10225
10226
10227
10228
10229
10230
10232
10234
10235
10236
10237
10238
10239
10241
10242
10243
10244
10245
10246
10248
10249
10250
10252
10253
10254
10255
10256
10257
10259
10260
10261
10263
10264
10265
10266
10267
10268
10271
10272
10273
10275
10276
10277
10278
10279
10281
10282
10284
10285
10286
10287
10289
10290
10291
10292
10293
10294
10297
10298
10299
10300
10301
10302
10303
10304
10305
10306
10307
10309
10310
10312
10314
10315
10316
10317
10319
10320
10322
10323
10324
10325
10326
10328
10330
10331
10332
10333
10334
10336
10337
10338
10339
10340
10341
10342
10344
10345
10346
10347
10348
10349
10351
10352
10353
10354
10355
10356
10357
10358
10359
10360
10362
10363
10364
10365
10366
10367
10368
10370
10371
10372
10374
10375
10376
10377
10378
10379
10380
10381
10382
10384
10385
10386
10387
10388
10389
10390
10392
10393
10394
10395
10396
10397
10399
10400
10401
10402
10404
10405
10406
10407
10408
10409
10410
10411
10412
10413
10415
10416
10417
10418
10419
10420
10421
10423
10424
10425
10426
10428
10429
10430
10431
10432
10433
10434
10435
10436
10438
10439
10440
10441
10443
10445
10447
10449
10451
10453
10456
10458
10460
10461
10463
10465
10472
10475
10476
10477
10478
10479
10480
10481
10482
10483
10486
10492
10500
10502
10504
10506
10508
10510
10511
10512
10513
10514
10515
10517
10518
10520
10521
10523
10524
10525
10526
10527
10535
10537
10539
10541
10543
10546
10553
10556
10558
10560
10561
10563
10564
10565
10566
10567
10568
10570
10571
10572
10573
10574
10576
10577
10585
10587
10589
10591
10592
10594
10595
10603
10604
10606
10608
10611
10617
10621
10624
10626
10628
10631
10636
10641
10643
10645
10656
10657
10660
10665
10667
10670
10672
10680
10682
10684
10687
10689
10691
10693
10695
10698
10699
10700
10708
10710
10712
10715
10716
10722
10726
10727
10729
10731
10734
10736
10737
10743
10744
10745
10746
10747
10752
10754
10756
10758
10760
10762
10764
10765
10773
10775
10777
10779
10781
10783
10784
10785
10786
10789
10796
10797
10800
10802
10804
10806
10808
10810
10818
10820
10822
10824
10826
10828
10829
10831
10833
10834
10836
10837
10838
10840
10848
10850
10851
10853
10855
10857
10859
10861
10863
10864
10866
10867
10874
10877
10879
10881
10883
10885
10887
10888
10891
10892
10893
10896
10897
10898
10899
10900
10901
10903
10904
10912
10914
10916
10917
10919
10922
10924
10926
10943
10944
10947
10949
10951
10954
10955
10957
10959
10960
10961
10962
10963
10964
10965
10966
10967
10968
10969
10970
10971
10972
10973
10974
10975
10976
10978
10979
10980
10981
10982
10983
10984
10985
10986
10987
10988
10989
10990
10991
10993
10994
10995
10996
10997
10998
10999
11000
11001
11002
11003
11004
11005
11006
11008
11009
11010
11011
11012
11014
11015
11016
11017
11018
11019
11021
11022
11023
11024
11026
11028
11030
11031
11032
11033
11035
11036
11037
11038
11039
11042
11043
11044
11045
11046
11048
11049
11050
11051
11055
11056
11057
11058
11059
11060
11063
11064
11065
11067
11068
11069
11070
11071
11072
11074
11075
11076
11078
11081
11082
11084
11085
11086
11087
11089
11090
11091
11092
11093
11095
11097
11098
11099
11100
11101
11102
11104
11105
11106
11107
11109
11110
11111
11112
11113
11114
11115
11116
11118
11120
11121
11122
11123
11124
11125
11126
11127
11128
11129
11131
11132
11133
11134
11136
11139
11140
11141
11142
11143
11144
11145
11147
11148
11149
11150
11153
11154
11159
11160
11162
11165
11166
11167
11169
11172
11174
11175
11176
11185
11187
11189
11191
11193
11195
11197
11198
11199
11201
11203
11205
11209
11213
11214
11216
11218
11221
11223
11224
11226
11228
11230
11234
11235
11236
11237
11238
11239
11240
11242
11243
11246
11247
11248
11249
11250
11251
11253
11254
11255
11257
11258
11259
11260
11261
11262
11264
11265
11266
11268
11269
11270
11271
11272
11273
11275
11276
11277
11278
11280
11282
11283
11284
11285
11286
11287
11289
11290
11291
11292
11294
11295
11296
11297
11298
11299
11300
11302
11303
11304
11307
11308
11309
11310
11311
11312
11313
11315
11316
11317
11318
11319
11320
11321
11322
11324
11325
11326
11327
11328
11329
11330
11331
11332
11334
11335
11336
11337
11339
11340
11341
11342
11343
11345
11346
11347
11348
11351
11353
11354
11355
11357
11358
11359
11360
11361
11362
11363
11364
11366
11367
11370
11371
11372
11373
11375
11376
11377
11378
11379
11381
11383
11385
11387
11389
11397
11399
11401
11403
11404
11407
11408
11409
11411
11413
11415
11416
11421
11426
11428
11430
11432
11434
11436
11438
11441
11442
11445
11452
11455
11456
11457
11458
11459
11460
11462
11465
11466
11467
11468
11469
11470
11472
11475
11476
11477
11478
11479
11480
11483
11484
11485
11486
11487
11488
11489
11490
11491
11493
11494
11495
11496
11498
11499
11500
11501
11502
11504
11505
11506
11507
11508
11510
11511
11512
11513
11514
11516
11518
11520
11521
11522
11523
11524
11526
11528
11529
11530
11531
11532
11533
11535
11536
11537
11540
11541
11542
11543
11545
11546
11547
11548
11550
11553
11554
11555
11556
11557
11558
11560
11563
11564
11565
11566
11567
11568
11570
11572
11573
11574
11575
11576
11578
11579
11581
11582
11583
11584
11585
11587
11589
11591
11592
11593
11594
11595
11596
11598
11600
11601
11602
11603
11604
11606
11608
11610
11611
11612
11613
11614
11616
11617
11618
11620
11622
11623
11625
11626
11627
11628
11629
11631
11632
11633
11634
11635
11638
11639
11640
11641
11642
11644
11645
11646
11647
11649
11650
11651
11652
11654
11655
11656
11657
11658
11660
11661
11662
11663
11664
11666
11668
11669
11670
11671
11672
11674
11676
11677
11678
11679
11680
11681
11684
11685
11687
11688
11689
11690
11691
11692
11693
11694
11695
11696
11697
11698
11699
11700
11701
11702
11703
11704
11705
11706
11707
11708
11709
11710
11711
11712
11713
11714
11715
11716
11717
11718
11719
11720
11722
11723
11724
11725
11726
11729
11730
11731
11732
11733
11734
11736
11738
11739
11740
11741
11742
11744
11747
11748
11749
11750
11751
11752
11754
11756
11757
11760
11761
11762
11763
11764
11765
11767
11769
11771
11773
11775
11777
11779
11780
11782
11784
11786
11788
11797
11799
11801
11803
11805
11807
11809
11810
11812
11813
11814
11815
11816
11817
11820
11821
11828
11830
11831
11833
11835
11837
11838
11840
11842
11844
11846
11847
11852
11853
11858
11859
11861
11863
11865
11867
11868
11870
11872
11873
11875
11877
11878
11880
11882
11883
11891
11892
11894
11896
11898
11899
11901
11903
11905
11907
11909
11910
11918
11920
11922
11924
11926
11928
11936
11938
11940
11942
11944
11946
11948
11949
11950
11951
11952
11953
11954
11955
11956
11957
11958
11959
11960
11961
11962
11963
11964
11965
11966
11967
11968
11970
11971
11972
11973
11974
11975
11976
11977
11978
11979
11980
11981
11983
11984
11985
11986
11987
11988
11989
11990
11991
11992
11993
11994
11996
11997
11998
11999
12000
12002
12003
12006
12007
12008
12010
12012
12013
12014
12015
12016
12020
12023
12024
12026
12027
12028
12029
12030
12032
12034
12035
12037
12039
12040
12041
12042
12043
12044
12045
12047
12048
12050
12051
12053
12054
12055
12057
12058
12059
12061
12062
12063
12065
12066
12067
12068
12069
12070
12073
12075
12076
12077
12079
12080
12081
12083
12084
12085
12086
12088
12089
12090
12091
12092
12093
12095
12097
12098
12099
12100
12101
12102
12103
12104
12105
12106
12108
12109
12111
12112
12113
12114
12115
12116
12117
12118
12119
12120
12121
12123
12124
12126
12129
12131
12132
12133
12135
12136
12137
12138
12139
12140
12142
12143
12144
12145
12147
12148
12149
12150
12154
12155
12159
12160
12161
12163
12165
12168
12170
12171
12173
12175
12176
12181
12182
12186
12187
12188
12189
12190
12191
12192
12193
12194
12196
12197
12198
12200
12202
12203
12204
12208
12209
12210
12212
12216
12218
12220
12221
12222
12224
12225
12228
12229
12234
12235
12239
12240
12241
12243
12246
12247
12249
12251
12252
12254
12260
12261
12262
12263
12264
12265
12266
12268
12269
12271
12272
12273
12274
12275
12276
12277
12279
12280
12282
12284
12285
12286
12287
12288
12289
12290
12291
12293
12294
12296
12297
12298
12299
12300
12302
12303
12304
12305
12307
12309
12310
12311
12312
12313
12314
12316
12317
12318
12320
12321
12322
12323
12324
12325
12327
12328
12329
12330
12331
12332
12334
12335
12336
12337
12338
12339
12340
12342
12343
12344
12345
12348
12349
12350
12352
12353
12354
12355
12359
12360
12361
12362
12363
12364
12366
12367
12369
12370
12371
12372
12373
12374
12376
12377
12379
12381
12383
12385
12387
12389
12391
12399
12401
12402
12403
12404
12405
12406
12408
12410
12412
12414
12416
12422
12426
12428
12429
12431
12433
12436
12438
12439
12441
12443
12444
12445
12446
12447
12448
12449
12450
12451
12452
12453
12454
12455
12456
12457
12458
12459
12460
12461
12462
12463
12464
12465
12466
12467
12468
12469
12470
12471
12472
12473
12474
12475
12476
12477
12478
12479
12480
12481
12482
12483
12484
12489
12494
12496
12498
12501
12503
12505
12506
12509
12510
12513
12519
12523
12524
12526
12528
12531
12533
12534
12536
12538
12546
12548
12550
12552
12554
12556
12564
12566
12567
12569
12571
12573
12574
12576
12578
12579
12581
12583
12591
12593
12595
12597
12599
12601
12604
12610
12612
12613
12615
12616
12617
12618
12621
12622
12624
12625
12626
12628
12629
12630
12631
12632
12635
12636
12639
12641
12643
12644
12645
12646
12647
12648
12649
12652
12653
12654
12656
12657
12659
12661
12662
12663
12666
12669
12670
12672
12673
12674
12675
12677
12678
12679
12681
12683
12684
12686
12687
12689
12691
12693
12695
12697
12698
12700
12702
12703
12704
12705
12706
12707
12708
12712
12714
12715
12717
12719
12720
12721
12723
12724
12727
12729
12730
12731
12732
12733
12735
12736
12742
12744
12745
12746
12749
12751
12753
12754
12755
12756
12757
12760
12761
12762
12765
12771
12773
12776
12779
12780
12782
12783
12792
12793
12794
12795
12798
12800
12801
12803
12804
12805
12807
12809
12810
12812
12813
12816
12819
12821
12825
12826
12827
12830
12832
12833
12834
12836
12837
12838
12843
12844
12845
12846
12848
12849
12852
12853
12854
12855
12857
12858
12861
12863
12864
12867
12868
12869
12871
12872
12874
12875
12877
12878
12879
12882
12883
12884
12886
12887
12888
12890
12891
12894
12897
12898
12900
12901
12902
12903
12905
12907
12910
12912
12913
12915
12917
12918
12919
12921
12923
12926
12927
12929
12930
12932
12933
12934
12938
12940
12941
12942
12944
12945
12947
12948
12951
12952
12955
12956
12957
12958
12959
12961
12965
12967
12970
12971
12974
12975
12976
12978
12979
12981
12984
12985
12986
12988
12990
12991
12993
12994
12996
12997
13000
13002
13003
13004
13005
13006
13007
13009
13010
13011
13014
13015
13016
13018
13020
13022
13023
13024
13025
13028
13029
13030
13031
13032
13034
13037
13039
13040
13041
13042
13048
13050
13051
13052
13055
13056
13057
13060
13061
13062
13064
13065
13066
13067
13070
13071
13074
13075
13078
13079
13087
13088
13090
13093
13094
13095
13098
13099
13100
13102
13104
13105
13106
13109
13110
13111
13112
13114
13116
13117
13120
13121
13122
13123
13127
13128
13130
13131
13135
13136
13138
13140
13141
13143
13144
13147
13149
13150
13151
13153
13155
13157
13159
13161
13162
13166
13167
13168
13171
13172
13176
13178
13180
13182
13183
13184
13185
13188
13189
13190
13191
13194
13197
13199
13200
13203
13204
13205
13208
13209
13211
13212
13214
13215
13216
13217
13219
13221
13222
13223
13225
13231
13232
13234
13235
13237
13238
13239
13241
13243
13245
13246
13248
13249
13250
13252
13253
13256
13257
13258
13259
13263
13265
13267
13268
13269
13272
13273
13274
13276
13277
13278
13280
13281
13283
13285
13286
13288
13289
13290
13292
13293
13296
13298
13300
13301
13302
13306
13307
13309
13311
13313
13314
13315
13316
13317
13320
13321
13322
13323
13327
13328
13330
13333
13335
13336
13337
13340
13341
13342
13345
13347
13349
13350
13351
13353
13354
13357
13358
13359
13361
13362
13365
13366
13367
13368
13369
13372
13377
13378
13379
13380
13384
13386
13387
13390
13392
13393
13394
13396
13398
13399
13400
13401
13403
13405
13406
13410
13412
13414
13417
13418
13420
13421
13422
13423
13424
13428
13430
13432
13433
13434
13435
13436
13438
13440
13441
13442
13443
13447
13449
13451
13453
13454
13456
13459
13460
13461
13462
13465
13466
13467
13469
13470
13472
13473
13475
13476
13479
13480
13482
13483
13485
13487
13488
13491
13493
13495
13496
13497
13498
13500
13501
13504
13506
13507
13510
13511
13513
13514
13516
13517
13518
13520
13521
13528
13529
13530
13531
13532
13534
13535
13537
13540
13541
13542
13544
13545
13546
13548
13549
13550
13551
13557
13559
13562
13564
13565
13567
13568
13570
13571
13572
13573
13576
13578
13579
13580
13581
13582
13585
13586
13587
13588
13589
13592
13593
13595
13597
13600
13602
13603
13606
13607
13609
13610
13612
13615
13616
13617
13618
13619
13620
13622
13623
13626
13627
13629
13631
13633
13636
13637
13638
13639
13640
13642
13646
13647
13649
13650
13653
13654
13656
13657
13658
13661
13663
13664
13665
13667
13669
13670
13671
13672
13673
13674
13676
13677
13678
13679
13680
13681
13684
13685
13689
13690
13691
13694
13697
13714
13716
13719
13720
13722
13724
13726
13728
13730
13732
13734
13735
13738
13739
13741
13743
13744
13745
13746
13749
13750
13752
13754
13757
13760
13764
13767
13768
13770
13771
13774
13775
13776
13777
13781
13783
13793
13796
13798
13801
13802
13803
13806
13807
13812
13814
13816
13817
13819
13822
13824
13826
13828
13834
13837
13838
13841
13843
13844
13846
13849
13851
13853
13857
13863
13866
13870
13873
13874
13878
13880
13882
13884
13886
13887
13892
13895
13896
13897
13899
13902
13905
13907
13909
13911
13913
13916
13920
13921
13922
13925
13926
13930
13932
13934
13935
13939
13940
13942
13945
13953
13954
13955
13958
13960
13961
13964
13965
13967
13969
13971
13973
13975
13977
13979
13981
13984
13989
13990
13992
13995
13996
13997
13998
14001
14002
14003
14005
14006
14009
14010
14012
14013
14014
14015
14016
14018
14019
14021
14023
14024
14025
14026
14027
14032
14038
14039
14040
14043
14046
14047
14050
14051
14052
14057
14058
14060
14062
14063
14064
14065
14066
14067
14068
14070
14071
14076
14080
14082
14083
14084
14085
14088
14091
14092
14093
14094
14096
14097
14098
14099
14102
14104
14105
14106
14107
14108
14109
14110
14111
14112
14113
14115
14116
14117
14121
14124
14127
14128
14130
14131
14132
14136
14137
14138
14140
14141
14142
14144
14145
14147
14149
14150
14151
14152
14153
14157
14159
14160
14161
14163
14165
14167
14168
14169
14172
14176
14177
14178
14180
14181
14183
14184
14185
14186
14187
14190
14193
14195
14196
14198
14200
14201
14203
14204
14205
14207
14208
14209
14212
14213
14214
14215
14217
14218
14219
14220
14223
14224
14225
14226
14227
14229
14230
14235
14236
14238
14240
14242
14245
14246
14249
14251
14253
14255
14257
14258
14259
14260
14261
14263
14264
14265
14270
14272
14274
14275
14276
14277
14282
14283
14284
14286
14287
14289
14290
14291
14292
14293
14295
14296
14302
14305
14306
14307
14308
14309
14311
14312
14313
14315
14316
14319
14320
14322
14323
14324
14325
14328
14329
14330
14332
14333
14334
14335
14336
14338
14339
14342
14348
14349
14350
14353
14354
14355
14356
14357
14358
14360
14361
14363
14365
14366
14367
14369
14370
14371
14372
14377
14378
14379
14380
14381
14382
14385
14387
14389
14392
14393
14394
14396
14399
14400
14401
14403
14406
14407
14409
14410
14412
14414
14415
14416
14417
14418
14423
14426
14427
14429
14431
14432
14433
14434
14435
14436
14438
14439
14441
14443
14444
14445
14446
14449
14451
14452
14453
14455
14456
14457
14458
14459
14461
14466
14467
14470
14471
14472
14475
14476
14477
14479
14480
14481
14482
14484
14485
14487
14489
14490
14494
14496
14500
14501
14503
14504
14505
14509
14510
14511
14512
14513
14515
14517
14518
14520
14522
14523
14525
14526
14533
14534
14535
14537
14540
14541
14542
14543
14544
14545
14548
14550
14551
14553
14554
14555
14556
14557
14558
14559
14560
14562
14564
14565
14569
14575
14576
14577
14578
14580
14581
14583
14584
14585
14588
14589
14591
14592
14593
14594
14597
14598
14599
14600
14601
14602
14603
14606
14608
14611
14615
14616
14617
14622
14623
14626
14627
14628
14630
14632
14634
14636
14638
14639
14641
14642
14643
14644
14645
14646
14647
14648
14649
14650
14651
14652
14653
14654
14655
14656
14657
14658
14659
14660
14661
14662
14663
14664
14665
14666
14668
14669
14670
14671
14672
14673
14674
14675
14676
14677
14678
14679
14680
14682
14683
14684
14685
14686
14687
14688
14689
14690
14691
14692
14694
14695
14696
14698
14699
14700
14701
14702
14703
14704
14705
14707
14708
14710
14711
14712
14716
14720
14722
14724
14725
14726
14730
14731
14732
14735
14737
14738
14740
14742
14743
14744
14745
14746
14748
14750
14751
14752
14753
14754
14756
14757
14758
14759
14760
14762
14764
14765
14766
14767
14768
14769
14771
14772
14773
14774
14775
14776
14777
14778
14780
14781
14782
14784
14785
14786
14787
14788
14789
14791
14793
14794
14795
14796
14797
14803
14805
14806
14809
14810
14812
14813
14815
14816
14817
14821
14822
14824
14826
14827
14828
14829
14830
14831
14833
14834
14836
14837
14838
14840
14841
14842
14843
14844
14845
14847
14849
14850
14852
14853
14854
14855
14856
14858
14859
14860
14861
14862
14863
14864
14865
14866
14867
14868
14870
14871
14872
14874
14875
14876
14877
14878
14879
14880
14881
14882
14883
14885
14886
14887
14890
14895
14897
14899
14901
14903
14904
14905
14906
14908
14913
14914
14915
14916
14917
14918
14919
14920
14921
14922
14923
14925
14927
14928
14929
14930
14931
14933
14934
14939
14941
14942
14944
14945
14946
14948
14949
14952
14953
14955
14956
14959
14961
14962
14963
14965
14966
14967
14969
14970
14971
14973
14974
14975
14976
14977
14979
14980
14981
14986
14988
14991
14992
14993
14994
14995
14998
14999
15003
15004
15005
15006
15007
15008
15009
15013
15014
15015
15017
15018
15021
15022
15023
15024
15025
15027
15028
15040
15041
15045
15046
15047
15048
15049
15052
15053
15054
15055
15057
15058
15062
15064
15067
15069
15070
15071
15072
15074
15075
15077
15078
15081
15082
15083
15084
15085
15086
15087
15089
15090
15091
15094
15095
15096
15097
15098
15099
15100
15102
15103
15106
15107
15108
15109
15110
15111
15112
15114
15116
15117
15118
15119
15120
15121
15122
15123
15124
15125
15126
15127
15129
15130
15132
15133
15134
15135
15136
15137
15138
15139
15140
15141
15142
15143
15144
15146
15147
15148
15149
15150
15151
15152
15154
15155
15156
15157
15158
15159
15160
15161
15163
15164
15165
15166
15167
15168
15169
15170
15171
15172
15173
15175
15176
15177
15178
15179
15180
15181
15183
15184
15185
15186
15188
15189
15190
15191
15192
15194
15195
15197
15198
15199
15200
15201
15202
15203
15204
15205
15206
15207
15208
15209
15210
15211
15213
15214
15215
15216
15217
15218
15219
15221
15222
15223
15224
15226
15227
15228
15229
15230
15231
15232
15233
15234
15235
15236
15238
15239
15240
15241
15242
15243
15244
15246
15247
15248
15249
15250
15252
15254
15255
15256
15257
15258
15259
15261
15262
15263
15265
15266
15267
15270
15271
15272
15274
15276
15277
15278
15279
15280
15281
15282
15283
15284
15286
15287
15288
15289
15291
15292
15293
15294
15295
15296
15299
15302
15303
15304
15305
15307
15308
15310
15311
15314
15315
15317
15319
15321
15322
15323
15326
15327
15328
15329
15330
15334
15335
15337
15339
15340
15342
15343
15344
15345
15347
15349
15351
15352
15353
15355
15356
15357
15358
15359
15361
15362
15363
15365
15369
15371
15372
15375
15376
15377
15378
15379
15382
15383
15384
15386
15388
15389
15390
15391
15392
15396
15397
15400
15401
15402
15403
15404
15405
15408
15409
15410
15411
15413
15417
15418
15421
15422
15423
15426
15428
15429
15431
15432
15434
15436
15437
15438
15439
15441
15442
15445
15446
15448
15454
15455
15456
15457
15462
15463
15464
15466
15467
15469
15471
15472
15474
15478
15479
15480
15481
15483
15484
15492
15493
15494
15495
15498
15499
15501
15503
15504
15506
15508
15509
15511
15512
15514
15516
15521
15525
15527
15528
15529
15532
15533
15536
15538
15539
15541
15543
15544
15545
15547
15548
15550
15553
15556
15562
15565
15566
15567
15568
15570
15573
15574
15577
15578
15579
15581
15582
15584
15586
15588
15589
15592
15594
15596
15598
15599
15601
15608
15610
15612
15613
15616
15617
15618
15619
15620
15624
15625
15627
15628
15631
15633
15635
15636
15638
15641
15646
15651
15654
15655
15656
15657
15659
15663
15664
15666
15669
15670
15672
15673
15674
15676
15678
15679
15682
15683
15685
15686
15687
15688
15689
15690
15691
15692
15693
15696
15698
15705
15706
15708
15709
15712
15713
15715
15716
15718
15719
15722
15725
15726
15728
15729
15730
15733
15735
15739
15743
15746
15747
15751
15752
15753
15755
15756
15758
15759
15760
15762
15766
15769
15770
15773
15774
15775
15776
15777
15779
15780
15781
15782
15786
15791
15792
15795
15796
15797
15798
15804
15805
15806
15807
15808
15811
15813
15815
15819
15820
15821
15823
15825
15827
15829
15831
15836
15838
15839
15840
15845
15846
15847
15849
15850
15852
15854
15855
15857
15860
15861
15862
15868
15873
15874
15876
15877
15878
15879
15883
15885
15886
15889
15890
15891
15895
15898
15899
15902
15904
15906
15909
15913
15916
15917
15919
15922
15923
15924
15925
15927
15929
15931
15932
15936
15938
15939
15940
15944
15945
15946
15947
15948
15950
15951
15952
15953
15960
15961
15962
15965
15966
15968
15970
15973
15974
15976
15977
15980
15983
15986
15987
15989
15991
15999
16002
16005
16006
16009
16010
16012
16013
16014
16015
16018
16019
16021
16024
16025
16027
16028
16031
16033
16035
16037
16039
16045
16047
16048
16050
16053
16054
16056
16058
16059
16061
16062
16065
16067
16068
16069
16072
16076
16078
16080
16083
16088
16089
16091
16095
16096
16097
16098
16099
16102
16105
16106
16108
16110
16111
16113
16116
16117
16121
16123
16124
16126
16132
16134
16137
16138
16140
16142
16144
16145
16146
16148
16150
16151
16154
16157
16159
16160
16161
16164
16169
16173
16174
16177
16180
16181
16182
16184
16185
16187
16191
16192
16194
16196
16198
16199
16204
16207
16209
16215
16216
16218
16219
16221
16222
16225
16226
16228
16229
16231
16232
16236
16238
16240
16241
16243
16245
16247
16249
16250
16253
16259
16261
16263
16265
16266
16268
16270
16272
16273
16274
16276
16277
16279
16281
16283
16285
16288
16293
16298
16300
16302
16304
16305
16307
16309
16310
16311
16314
16316
16317
16319
16320
16323
16327
16329
16331
16335
16340
16341
16342
16344
16346
16347
16348
16351
16352
16353
16354
16357
16359
16361
16362
16363
16364
16365
16368
16374
16376
16379
16380
16381
16383
16385
16386
16388
16389
16391
16393
16394
16396
16397
16404
16405
16407
16410
16412
16418
16419
16422
16424
16425
16426
16429
16430
16431
16437
16438
16439
16441
16443
16445
16447
16448
16449
16450
16451
16453
16454
16455
16456
16458
16464
16465
16468
16469
16471
16472
16474
16478
16479
16480
16481
16482
16484
16486
16487
16489
16493
16495
16499
16502
16503
16507
16510
16511
16517
16519
16521
16523
16525
16528
16530
16531
16538
16539
16540
16541
16542
16543
16544
16545
16546
16547
16550
16551
16558
16560
16563
16565
16566
16567
16568
16569
16571
16572
16573
16575
16578
16581
16584
16586
16587
16590
16596
16600
16602
16604
16606
16608
16609
16612
16613
16616
16622
16623
16624
16627
16629
16632
16634
16635
16637
16639
16642
16643
16646
16648
16652
16654
16655
16657
16658
16659
16662
16663
16665
16666
16667
16669
16670
16671
16673
16674
16675
16676
16677
16679
16683
16685
16687
16689
16691
16695
16696
16698
16699
16702
16704
16705
16708
16710
16712
16714
16715
16716
16720
16722
16723
16725
16727
16729
16731
16733
16736
16739
16742
16743
16746
16747
16748
16750
16752
16754
16756
16757
16759
16762
16763
16766
16770
16772
16773
16778
16779
16780
16785
16786
16788
16790
16792
16793
16795
16797
16798
16800
16803
16805
16806
16808
16810
16812
16814
16815
16818
16821
16823
16824
16826
16827
16830
16832
16834
16835
16836
16838
16839
16841
16843
16844
16849
16854
16855
16856
16859
16862
16863
16864
16865
16866
16869
16871
16872
16875
16877
16879
16881
16883
16889
16890
16891
16893
16895
16896
16899
16901
16902
16903
16905
16906
16908
16911
16913
16914
16915
16918
16920
16926
16928
16930
16931
16932
16933
16935
16939
16940
16941
16944
16945
16946
16949
16950
16951
16958
16964
16967
16969
16970
16972
16975
16976
16978
16979
16981
16983
16984
16986
16988
16989
16992
16993
16995
16996
16997
16999
17001
17003
17005
17006
17013
17014
17016
17017
17020
17021
17023
17024
17026
17028
17030
17031
17032
17033
17035
17038
17039
17042
17043
17049
17051
17052
17053
17056
17058
17059
17061
17062
17065
17066
17067
17070
17073
17074
17075
17081
17082
17084
17089
17092
17094
17095
17097
17098
17100
17101
17102
17103
17106
17107
17108
17113
17115
17117
17118
17120
17122
17123
17124
17126
17131
17132
17133
17136
17137
17139
17141
17143
17145
17146
17148
17150
17153
17154
17155
17159
17160
17168
17170
17171
17173
17174
17175
17177
17181
17182
17183
17185
17186
17188
17190
17191
17193
17195
17196
17198
17200
17202
17204
17205
17207
17211
17214
17217
17218
17220
17221
17223
17224
17226
17227
17230
17231
17232
17236
17237
17238
17240
17241
17244
17250
17253
17254
17256
17257
17258
17260
17261
17264
17266
17268
17269
17273
17274
17276
17278
17279
17281
17283
17288
17290
17292
17294
17295
17297
17298
17300
17302
17303
17304
17306
17309
17310
17311
17313
17315
17316
17317
17319
17324
17326
17329
17330
17331
17332
17335
17336
17338
17340
17341
17343
17345
17347
17348
17349
17354
17362
17364
17366
17367
17368
17369
17372
17375
17376
17377
17378
17381
17382
17383
17387
17389
17392
17393
17394
17396
17398
17400
17402
17409
17410
17411
17413
17416
17417
17419
17420
17421
17423
17425
17426
17429
17432
17433
17434
17436
17441
17446
17448
17450
17452
17453
17455
17458
17459
17460
17463
17464
17465
17467
17468
17470
17473
17475
17478
17479
17481
17483
17488
17489
17490
17493
17495
17496
17498
17501
17502
17503
17505
17507
17509
17510
17511
17512
17513
17514
17515
17516
17517
17519
17520
17521
17522
17523
17524
17525
17526
17527
17528
17529
17530
17531
17532
17533
17534
17535
17536
17537
17538
17539
17540
17541
17542
17543
17544
17545
17546
17547
17548
17549
17550
17552
17553
17555
17556
17557
17558
17559
17560
17561
17562
17565
17566
17567
17568
17569
17570
17571
17572
17573
17576
17577
17578
17579
17580
17581
17582
17583
17585
17586
17587
17588
17589
17590
17592
17599
17600
17601
17604
17605
17607
17609
17611
17612
17613
17616
17617
17619
17620
17622
17623
17625
17626
17627
17628
17629
17631
17632
17633
17634
17636
17637
17639
17642
17645
17646
17647
17648
17649
17650
17651
17652
17653
17656
17657
17659
17660
17665
17667
17668
17670
17672
17673
17676
17678
17679
17680
17683
17684
17685
17688
17689
17690
17691
17692
17693
17694
17696
17697
17698
17700
17702
17703
17705
17707
17709
17710
17711
17712
17713
17714
17715
17717
17719
17720
17721
17722
17724
17725
17726
17727
17728
17729
17730
17731
17732
17735
17736
17737
17740
17745
17746
17748
17750
17752
17753
17754
17757
17758
17760
17761
17763
17764
17765
17766
17767
17768
17770
17771
17772
17773
17775
17776
17777
17778
17782
17783
17785
17790
17791
17795
17799
17800
17802
17803
17804
17805
17808
17809
17811
17813
17814
17815
17821
17822
17824
17825
17826
17828
17831
17832
17833
17835
17839
17842
17845
17846
17847
17848
17849
17852
17853
17854
17858
17859
17860
17864
17865
17867
17868
17870
17871
17873
17874
17876
17880
17883
17884
17886
17889
17890
17892
17894
17895
17896
17899
17900
17902
17904
17906
17909
17910
17913
17914
17916
17917
17919
17920
17922
17923
17929
17930
17932
17936
17937
17938
17939
17940
17943
17946
17947
17948
17950
17952
17954
17955
17957
17959
17960
17961
17964
17966
17967
17968
17973
17975
17977
17978
17980
17982
17984
17985
17988
17989
17990
17993
17994
17996
17997
17998
17999
18001
18005
18008
18009
18025
18029
18030
18032
18034
18036
18038
18040
18044
18048
18049
18051
18053
18055
18057
18058
18059
18061
18063
18064
18065
18066
18067
18069
18070
18071
18072
18074
18075
18076
18077
18078
18080
18081
18082
18083
18086
18087
18088
18089
18090
18092
18093
18094
18095
18098
18099
18100
18101
18102
18104
18105
18106
18107
18108
18109
18110
18111
18112
18113
18114
18116
18117
18119
18121
18122
18123
18124
18125
18126
18127
18128
18130
18131
18133
18135
18136
18137
18138
18139
18140
18141
18143
18144
18145
18147
18148
18149
18150
18151
18152
18153
18155
18156
18157
18159
18160
18161
18162
18163
18164
18166
18167
18168
18169
18170
18171
18172
18173
18174
18175
18177
18178
18179
18182
18183
18184
18185
18187
18188
18189
18190
18191
18194
18195
18196
18197
18198
18200
18201
18202
18203
18207
18209
18211
18213
18215
18217
18219
18220
18221
18222
18223
18225
18226
18227
18228
18231
18232
18233
18234
18236
18237
18238
18239
18245
18247
18249
18251
18253
18255
18257
18260
18261
18265
18266
18267
18268
18270
18271
18272
18275
18276
18277
18278
18279
18284
18289
18290
18292
18294
18299
18300
18301
18304
18306
18308
18310
18312
18314
18316
18318
18321
18323
18329
18331
18333
18334
18337
18339
18341
18344
18345
18347
18348
18349
18351
18354
18356
18359
18360
18363
18366
18371
18372
18373
18376
18377
18378
18382
18383
18385
18387
18388
18391
18394
18396
18398
18399
18402
18406
18409
18411
18412
18414
18416
18417
18422
18423
18424
18425
18428
18430
18439
18441
18442
18444
18448
18449
18450
18451
18456
18457
18460
18463
18465
18467
18468
18469
18470
18471
18477
18480
18483
18484
18487
18488
18489
18492
18494
18496
18498
18500
18501
18502
18503
18504
18511
18513
18514
18516
18518
18519
18522
18523
18526
18529
18531
18532
18533
18534
18535
18541
18543
18545
18547
18550
18551
18553
18555
18557
18558
18563
18564
18565
18566
18567
18574
18576
18578
18582
18585
18587
18588
18589
18590
18591
18593
18594
18595
18601
18603
18606
18608
18609
18611
18613
18615
18618
18619
18620
18621
18622
18623
18626
18628
18635
18636
18639
18640
18644
18645
18647
18648
18651
18652
18653
18654
18655
18657
18659
18660
18661
18662
18664
18671
18674
18676
18677
18679
18682
18683
18686
18688
18689
18690
18691
18692
18693
18694
18703
18705
18707
18709
18711
18713
18714
18716
18719
18720
18721
18722
18723
18724
18726
18733
18736
18737
18739
18741
18744
18746
18747
18750
18751
18752
18753
18754
18755
18759
18760
18762
18764
18765
18766
18773
18775
18777
18778
18782
18783
18785
18787
18789
18791
18792
18793
18794
18795
18796
18797
18802
18808
18810
18812
18813
18816
18817
18822
18823
18825
18826
18827
18828
18829
18833
18834
18836
18838
18844
18846
18848
18850
18853
18855
18856
18859
18861
18864
18866
18867
18868
18869
18870
18871
18873
18881
18882
18883
18884
18887
18889
18891
18892
18895
18897
18898
18901
18902
18903
18904
18905
18911
18913
18916
18918
18919
18920
18924
18925
18928
18929
18931
18933
18935
18936
18937
18938
18939
18941
18947
18948
18951
18954
18957
18958
18959
18960
18965
18967
18968
18970
18971
18972
18973
18974
18976
18977
18980
18981
18982
18983
18984
18985
18986
18987
18994
18996
18999
19000
19001
19002
19006
19007
19009
19012
19013
19015
19016
19017
19018
19019
19021
19022
19030
19031
19032
19034
19036
19039
19040
19042
19047
19048
19050
19051
19052
19053
19054
19060
19062
19065
19067
19068
19070
19072
19074
19078
19079
19081
19082
19083
19084
19085
19093
19094
19095
19097
19100
19102
19103
19104
19107
19109
19112
19113
19114
19115
19116
19123
19124
19128
19129
19130
19133
19134
19137
19138
19140
19143
19145
19146
19147
19148
19149
19155
19158
19160
19162
19163
19166
19168
19169
19172
19173
19176
19177
19178
19179
19180
19187
19190
19191
19192
19195
19196
19200
19201
19204
19205
19208
19209
19210
19211
19212
19218
19219
19222
19223
19228
19229
19231
19233
19235
19238
19240
19241
19242
19243
19244
19250
19252
19255
19257
19259
19260
19262
19265
19266
19268
19271
19272
19274
19275
19276
19277
19278
19291
19295
19297
19298
19299
19300
19301
19304
19307
19308
19309
19310
19311
19312
19313
19314
19316
19319
19320
19321
19322
19323
19324
19326
19327
19328
19329
19330
19331
19332
19333
19334
19336
19337
19338
19339
19340
19341
19343
19345
19347
19348
19349
19350
19351
19353
19356
19357
19358
19359
19360
19361
19363
19365
19366
19367
19368
19369
19370
19373
19374
19375
19376
19377
19378
19379
19380
19381
19382
19383
19384
19385
19386
19387
19388
19389
19393
19394
19395
19396
19397
19398
19399
19400
19401
19402
19403
19405
19406
19408
19409
19410
19413
19414
19415
19416
19417
19418
19419
19420
19421
19422
19425
19427
19428
19429
19430
19431
19432
19433
19434
19435
19436
19439
19440
19441
19442
19443
19444
19445
19446
19447
19449
19450
19451
19453
19455
19457
19459
19461
19462
19465
19466
19467
19468
19469
19471
19475
19476
19481
19482
19483
19484
19486
19488
19489
19491
19494
19495
19496
19497
19499
19501
19502
19504
19505
19507
19509
19511
19514
19515
19516
19517
19518
19520
19521
19522
19529
19530
19531
19532
19534
19536
19537
19539
19541
19543
19545
19546
19548
19551
19552
19553
19554
19556
19557
19559
19560
19564
19565
19566
19567
19569
19570
19573
19575
19578
19579
19581
19584
19585
19586
19587
19589
19590
19592
19594
19595
19598
19599
19600
19601
19602
19605
19607
19610
19611
19612
19613
19614
19616
19618
19620
19622
19624
19627
19628
19629
19630
19631
19633
19635
19639
19640
19641
19642
19644
19647
19649
19651
19654
19655
19656
19657
19659
19661
19662
19664
19665
19667
19669
19670
19671
19672
19673
19674
19675
19676
19677
19678
19679
19680
19681
19682
19683
19684
19685
19686
19687
19688
19689
19690
19691
19692
19693
19694
19695
19696
19697
19698
19699
19701
19702
19703
19704
19705
19706
19707
19708
19709
19710
19711
19712
19713
19714
19716
19718
19719
19720
19722
19723
19726
19728
19730
19731
19733
19734
19735
19736
19737
19738
19739
19741
19742
19743
19744
19746
19747
19748
19750
19751
19752
19753
19754
19755
19757
19758
19759
19762
19763
19764
19765
19766
19767
19769
19771
19772
19773
19774
19776
19777
19778
19780
19785
19786
19789
19790
19792
19794
19796
19798
19799
19800
19801
19803
19804
19806
19807
19808
19809
19811
19812
19813
19814
19815
19817
19820
19821
19822
19823
19824
19825
19826
19827
19828
19829
19830
19831
19834
19836
19837
19838
19839
19840
19841
19842
19843
19844
19845
19846
19847
19848
19850
19851
19853
19855
19856
19857
19858
19859
19861
19862
19863
19864
19869
19870
19871
19873
19874
19878
19880
19881
19882
19886
19889
19890
19892
19893
19894
19896
19897
19899
19900
19902
19903
19904
19908
19909
19910
19911
19912
19914
19915
19917
19920
19922
19923
19926
19927
19928
19931
19932
19933
19934
19936
19937
19938
19940
19942
19943
19944
19946
19948
19950
19952
19954
19957
19958
19959
19960
19961
19962
19964
19965
19966
19970
19971
19975
19976
19977
19981
19983
19984
19987
19989
19990
19992
19995
19996
19997
19998
19999
20001
20002
20004
20005
20007
20009
20012
20013
20014
20015
20018
20022
20023
20024
20025
20026
20028
20029
20030
20031
20033
20034
20035
20036
20037
20039
20040
20041
20042
20045
20046
20047
20048
20050
20051
20052
20053
20054
20055
20056
20057
20058
20060
20062
20063
20065
20066
20067
20068
20069
20070
20071
20073
20074
20075
20077
20078
20079
20080
20081
20082
20083
20085
20086
20087
20089
20091
20092
20093
20094
20095
20096
20097
20099
20100
20101
20103
20104
20105
20106
20107
20109
20110
20111
20112
20113
20114
20115
20116
20117
20118
20120
20121
20122
20124
20125
20126
20127
20128
20130
20131
20132
20133
20136
20137
20138
20139
20140
20142
20143
20144
20145
20149
20150
20151
20152
20153
20154
20156
20157
20158
20160
20162
20164
20166
20168
20170
20172
20174
20175
20176
20177
20178
20180
20181
20182
20185
20186
20187
20188
20189
20191
20192
20193
20194
20198
20199
20200
20201
20202
20203
20205
20206
20208
20210
20212
20214
20216
20218
20220
20221
20226
20228
20229
20230
20231
20232
20237
20239
20241
20243
20245
20246
20248
20250
20253
20254
20257
20260
20265
20268
20269
20271
20273
20276
20278
20280
20281
20283
20288
20293
20294
20297
20300
20302
20303
20305
20307
20309
20311
20316
20317
20318
20319
20320
20322
20323
20324
20331
20333
20335
20338
20340
20349
20352
20354
20356
20358
20360
20362
20368
20369
20370
20371
20373
20374
20375
20376
20380
20381
20382
20383
20384
20386
20387
20388
20390
20392
20395
20397
20398
20400
20403
20404
20405
20406
20408
20411
20414
20415
20416
20417
20418
20420
20421
20423
20427
20429
20431
20433
20434
20439
20440
20447
20449
20452
20454
20455
20457
20460
20462
20465
20471
20473
20476
20479
20481
20482
20483
20485
20487
20489
20493
20499
20501
20503
20506
20514
20515
20516
20517
20518
20520
20521
20522
20524
20526
20528
20531
20533
20535
20540
20547
20549
20551
20553
20556
20562
20565
20568
20570
20571
20574
20577
20579
20580
20586
20590
20591
20596
20597
20599
20602
20604
20606
20609
20611
20613
20616
20619
20621
20623
20625
20627
20629
20632
20633
20635
20643
20645
20646
20647
20649
20650
20651
20652
20654
20656
20658
20660
20668
20670
20672
20674
20676
20678
20680
20688
20690
20692
20694
20696
20698
20704
20705
20710
20711
20712
20713
20714
20716
20717
20719
20720
20725
20726
20727
20728
20729
20731
20732
20735
20736
20737
20738
20739
20741
20742
20745
20746
20747
20748
20749
20750
20752
20753
20754
20757
20758
20760
20761
20762
20763
20764
20767
20768
20769
20770
20771
20773
20774
20775
20778
20779
20781
20782
20783
20784
20785
20788
20789
20791
20793
20794
20795
20796
20798
20799
20802
20803
20804
20805
20806
20809
20811
20812
20813
20814
20815
20818
20821
20822
20823
20824
20825
20828
20829
20830
20831
20832
20834
20835
20836
20838
20839
20840
20841
20842
20843
20844
20845
20846
20847
20848
20849
20850
20851
20852
20853
20854
20855
20856
20857
20858
20859
20860
20861
20862
20863
20864
20865
20866
20867
20868
20869
20870
20871
20872
20873
20874
20875
20876
20877
20878
20879
20880
20882
20884
20886
20887
20888
20889
20890
20891
20892
20893
20894
20895
20896
20898
20899
20900
20903
20904
20905
20906
20907
20909
20910
20911
20912
20913
20914
20915
20917
20919
20920
20921
20923
20924
20925
20928
20929
20930
20931
20932
20933
20935
20936
20938
20939
20940
20941
20942
20943
20945
20946
20947
20948
20949
20950
20953
20954
20955
20956
20957
20958
20959
20960
20961
20962
20963
20964
20966
20968
20969
20970
20971
20972
20973
20974
20975
20976
20977
20979
20980
20981
20983
20985
20986
20987
20988
20989
20991
20992
20993
20994
20995
20996
20997
20999
21000
21001
21002
21004
21005
21006
21007
21009
21010
21012
21013
21014
21015
21016
21018
21019
21020
21022
21023
21024
21025
21026
21028
21030
21031
21033
21034
21038
21039
21040
21041
21042
21044
21045
21047
21048
21051
21052
21053
21054
21055
21057
21058
21059
21060
21063
21064
21065
21066
21067
21069
21070
21071
21074
21075
21076
21077
21078
21080
21081
21083
21084
21085
21088
21089
21090
21091
21092
21093
21095
21097
21100
21101
21102
21103
21104
21106
21111
21112
21113
21114
21115
21116
21117
21118
21119
21120
21121
21122
21124
21125
21126
21127
21128
21129
21130
21131
21132
21134
21135
21138
21139
21140
21141
21142
21143
21144
21145
21146
21147
21149
21150
21151
21152
21153
21154
21155
21156
21157
21159
21160
21161
21162
21164
21165
21166
21167
21168
21169
21171
21172
21173
21175
21176
21177
21178
21179
21180
21181
21182
21183
21184
21186
21187
21188
21189
21190
21191
21192
21193
21195
21196
21197
21198
21199
21202
21203
21204
21205
21206
21209
21210
21211
21212
21213
21214
21215
21216
21218
21219
21220
21221
21225
21226
21227
21228
21229
21231
21232
21233
21234
21235
21236
21237
21238
21239
21241
21242
21243
21244
21245
21246
21249
21251
21252
21253
21254
21255
21257
21259
21260
21262
21263
21264
21265
21266
21268
21270
21271
21273
21275
21276
21278
21280
21281
21282
21283
21285
21286
21287
21288
21290
21291
21292
21294
21295
21297
21299
21301
21302
21303
21304
21305
21307
21308
21309
21311
21313
21314
21315
21316
21317
21319
21320
21321
21322
21324
21326
21328
21333
21334
21335
21336
21338
21339
21340
21341
21346
21347
21348
21349
21351
21352
21353
21354
21359
21362
21364
21365
21367
21369
21370
21371
21373
21374
21375
21376
21385
21387
21394
21396
21400
21401
21402
21404
21411
21412
21414
21418
21421
21423
21430
21435
21436
21438
21440
21443
21446
21447
21449
21451
21457
21464
21466
21470
21473
21475
21483
21484
21485
21486
21488
21489
21490
21493
21495
21499
21500
21501
21502
21503
21505
21506
21507
21515
21517
21519
21521
21523
21524
21527
21535
21538
21540
21543
21545
21546
21547
21549
21550
21555
21561
21567
21568
21571
21572
21575
21577
21581
21586
21588
21590
21593
21595
21598
21602
21605
21607
21613
21614
21616
21619
21622
21624
21630
21631
21632
21634
21636
21640
21642
21644
21645
21653
21655
21657
21658
21660
21661
21662
21663
21664
21665
21667
21669
21670
21671
21672
21674
21675
21676
21685
21689
21691
21693
21702
21706
21708
21710
21712
21716
21717
21719
21720
21721
21722
21727
21729
21731
21733
21735
21736
21739
21740
21751
21753
21755
21763
21764
21765
21766
21768
21769
21773
21776
21788
21790
21794
21803
21804
21806
21809
21812
21813
21814
21815
21816
21817
21819
21821
21822
21823
21824
21825
21826
21827
21828
21830
21831
21832
21833
21834
21835
21836
21838
21839
21844
21845
21847
21849
21850
21851
21854
21855
21857
21858
21859
21860
21864
21865
21868
21869
21870
21871
21873
21875
21876
21877
21878
21879
21882
21883
21884
21885
21887
21888
21889
21890
21892
21893
21894
21897
21899
21900
21904
21905
21906
21909
21912
21913
21915
21917
21919
21921
21923
21925
21936
21939
21941
21945
21947
21948
21950
21952
21956
21959
21965
21967
21969
21972
21974
21975
21976
21977
21978
21980
21981
21982
21983
21984
21985
21986
21987
21988
21990
21991
21995
21996
21997
21999
22000
22001
22002
22005
22006
22007
22008
22009
22011
22012
22014
22015
22016
22018
22019
22020
22021
22023
22026
22028
22029
22030
22032
22033
22034
22035
22037
22038
22039
22040
22042
22043
22044
22045
22051
22055
22057
22060
22062
22071
22074
22077
22079
22081
22086
22093
22095
22097
22099
22102
22104
22105
22114
22116
22120
22122
22123
22125
22127
22129
22132
22140
22143
22144
22145
22146
22147
22148
22149
22151
22154
22156
22158
22168
22169
22170
22171
22172
22174
22175
22176
22177
22178
22181
22182
22183
22184
22185
22187
22188
22189
22190
22191
22192
22195
22196
22197
22198
22199
22201
22202
22203
22204
22205
22206
22208
22209
22212
22213
22214
22215
22216
22217
22219
22220
22221
22222
22223
22225
22226
22227
22228
22229
22231
22232
22234
22236
22237
22238
22239
22240
22243
22244
22245
22246
22247
22251
22252
22253
22254
22255
22257
22262
22263
22264
22265
22266
22268
22271
22274
22276
22279
22280
22281
22282
22283
22286
22287
22288
22289
22290
22294
22296
22297
22298
22299
22300
22303
22307
22308
22309
22310
22311
22313
22314
22315
22316
22317
22321
22324
22325
22327
22328
22329
22330
22333
22335
22336
22338
22340
22342
22344
22346
22348
22350
22352
22361
22362
22364
22366
22368
22371
22373
22381
22383
22385
22388
22397
22399
22401
22403
22406
22408
22418
22420
22422
22424
22426
22435
22438
22442
22443
22444
22445
22447
22448
22449
22450
22451
22453
22459
22462
22464
22466
22476
22478
22480
22482
22483
22485
22486
22487
22489
22490
22491
22492
22493
22497
22506
22509
22511
22522
22524
22526
22528
22537
22539
22542
22544
22546
22556
22558
22560
22562
22564
22566
22576
22578
22582
22584
22586
22596
22598
22600
22602
22603
22604
22605
22606
22607
22610
22619
22621
22623
22625
22628
22636
22638
22640
22642
22644
22646
22655
22657
22659
22662
22664
22672
22675
22679
22691
22693
22695
22698
22700
22717
22722
22724
22738
22742
22753
22757
22760
22768
22774
22778
22793
22796
22800
22808
22810
22812
22814
22816
22818
22830
22832
22835
22837
22840
22849
22851
22856
22858
22861
22873
22875
22878
22880
22882
22890
22894
22895
22896
22898
22900
22909
22914
22918
22920
22922
22924
22935
22937
22939
22941
22943
22945
22953
22955
22956
22957
22958
22959
22961
22962
22963
22964
22965
22967
22968
22969
22970
22971
22974
22975
22976
22977
22978
22980
22981
22982
22983
22984
22986
22987
22988
22989
22990
22993
22994
22995
22996
22997
23007
23008
23009
23010
23011
23017
23018
23019
23020
23021
23023
23024
23028
23029
23030
23031
23032
23037
23038
23039
23040
23041
23044
23045
23046
23047
23048
23054
23055
23056
23057
23058
23060
23061
23062
23063
23064
23067
23068
23069
23070
23071
23074
23075
23076
23077
23078
23081
23086
23087
23088
23089
23090
23102
23103
23104
23105
23106
23109
23110
23111
23113
23115
23116
23117
23118
23119
23127
23128
23129
23130
23131
23134
23135
23136
23137
23138
23143
23144
23145
23146
23147
23149
23156
23157
23158
23159
23160
23170
23172
23174
23176
23178
23180
23189
23191
23193
23195
23197
23199
23207
23209
23211
23213
23215
23217
23225
23227
23229
23235
23243
23247
23249
23251
23253
23255
23257
23265
23267
23272
23276
23278
23280
23291
23294
23296
23298
23300
23302
23316
23317
23318
23322
23324
23326
23330
23332
23334
23345
23347
23351
23353
23355
23357
23359
23360
23361
23363
23364
23365
23374
23376
23378
23381
23383
23391
23396
23398
23400
23402
23404
23407
23416
23418
23420
23422
23425
23427
23436
23438
23440
23442
23444
23446
23451
23457
23459
23461
23464
23466
23472
23475
23478
23480
23482
23484
23488
23496
23498
23500
23502
23504
23506
23514
23516
23518
23520
23523
23525
23533
23535
23537
23539
23541
23543
23551
23553
23555
23557
23559
23561
23570
23572
23574
23577
23579
23583
23587
23589
23591
23593
23595
23598
23604
23606
23608
23611
23614
23616
23618
23627
23629
23631
23633
23635
23643
23645
23647
23649
23651
23657
23660
23662
23664
23666
23668
23670
23679
23681
23683
23686
23688
23690
23700
23702
23704
23706
23708
23710
23719
23721
23723
23726
23731
23734
23737
23739
23741
23743
23745
23748
23757
23759
23761
23763
23765
23768
23770
23780
23781
23783
23784
23786
23789
23791
23793
23795
23797
23808
23809
23810
23811
23812
23814
23815
23816
23817
23818
23820
23822
23823
23824
23826
23827
23828
23829
23830
23832
23833
23834
23835
23836
23838
23839
23840
23841
23842
23844
23845
23846
23847
23848
23850
23851
23852
23853
23854
23856
23857
23858
23859
23860
23862
23863
23864
23865
23866
23868
23869
23870
23871
23872
23875
23876
23877
23878
23879
23883
23884
23885
23886
23887
23890
23891
23892
23893
23894
23898
23899
23900
23901
23902
23905
23906
23907
23908
23909
23912
23913
23914
23915
23916
23919
23920
23921
23922
23923
23927
23928
23929
23930
23931
23934
23935
23936
23937
23938
23942
23943
23944
23945
23946
23950
23951
23952
23953
23954
23959
23960
23961
23962
23963
23966
23967
23968
23969
23970
23974
23975
23976
23977
23978
23979
23982
23983
23984
23985
23986
23989
23990
23991
23992
23993
23997
23998
23999
24000
24001
24006
24007
24008
24009
24010
24014
24015
24016
24017
24018
24023
24024
24025
24026
24027
24032
24033
24034
24035
24036
24051
24054
24056
24058
24059
24060
24070
24072
24076
24078
24080
24082
24090
24092
24094
24096
24098
24100
24108
24110
24112
24114
24116
24118
24126
24128
24130
24132
24134
24136
24146
24148
24150
24152
24154
24156
24166
24168
24170
24172
24175
24178
24183
24187
24189
24192
24195
24198
24201
24203
24205
24209
24213
24216
24217
24222
24224
24228
24231
24236
24239
24240
24243
24248
24253
24256
24259
24261
24264
24269
24270
24273
24276
24278
24280
24285
24287
24290
24297
24300
24301
24307
24308
24313
24315
24317
24319
24324
24328
24329
24332
24334
24335
24338
24339
24340
24343
24346
24351
24354
24357
24359
24361
24367
24370
24371
24375
24377
24382
24383
24388
24391
24394
24396
24398
24404
24406
24410
24412
24415
24420
24423
24425
24429
24432
24437
24439
24440
24441
24442
24443
24447
24452
24453
24457
24458
24462
24466
24470
24471
24475
24480
24482
24485
24489
24491
24493
24498
24501
24503
24506
24510
24512
24516
24517
24521
24524
24528
24532
24534
24536
24540
24545
24547
24551
24555
24556
24561
24564
24565
24569
24571
24574
24576
24580
24584
24588
24589
24592
24593
24597
24599
24604
24609
24610
24613
24616
24620
24623
24631
24633
24638
24639
24640
24642
24643
24649
24651
24652
24653
24656
24657
24658
24659
24663
24665
24666
24668
24669
24671
24674
24675
24677
24678
24680
24681
24684
24687
24691
24694
24695
24697
24698
24700
24701
24702
24706
24707
24709
24711
24714
24719
24720
24721
24724
24725
24730
24731
24732
24734
24736
24739
24741
24746
24748
24749
24752
24753
24756
24758
24761
24765
24769
24770
24771
24772
24773
24776
24777
24778
24781
24788
24790
24793
24794
24797
24798
24799
24802
24804
24806
24811
24812
24815
24817
24820
24821
24824
24825
24827
24828
24833
24835
24837
24840
24842
24843
24845
24846
24847
24850
24852
24853
24855
24860
24863
24865
24866
24869
24872
24873
24874
24877
24878
24879
24880
24882
24884
24885
24888
24891
24894
24897
24898
24899
24900
24903
24904
24905
24906
24908
24910
24911
24915
24921
24922
24923
24924
24926
24929
24930
24932
24934
24940
24941
24944
24945
24948
24951
24952
24954
24960
24961
24962
24964
24965
24967
24968
24972
24973
24974
24976
24978
24980
24983
24984
24985
24986
24987
24988
24990
24996
24998
25000
25001
25004
25005
25007
25010
25012
25013
25018
25019
25020
25022
25025
25027
25029
25031
25032
25035
25039
25042
25044
25047
25048
25050
25051
25054
25057
25058
25063
25064
25067
25068
25071
25072
25073
25074
25077
25080
25081
25084
25087
25091
25093
25095
25097
25098
25099
25102
25104
25108
25109
25113
25117
25118
25120
25123
25124
25127
25128
25130
25133
25138
25141
25142
25143
25147
25148
25150
25151
25152
25154
25158
25159
25164
25165
25166
25170
25171
25173
25175
25178
25180
25182
25184
25189
25192
25193
25194
25197
25198
25199
25202
25205
25208
25210
25211
25214
25216
25218
25220
25222
25224
25225
25226
25231
25232
25237
25240
25241
25244
25245
25248
25249
25252
25254
25258
25262
25263
25265
25266
25269
25270
25271
25272
25275
25276
25280
25284
25287
25289
25290
25293
25295
25296
25297
25300
25304
25305
25310
25311
25312
25313
25315
25317
25319
25320
25322
25323
25326
25330
25331
25335
25336
25337
25338
25341
25342
25343
25345
25348
25350
25351
25357
25359
25361
25363
25364
25367
25368
25371
25374
25376
25378
25384
25392
25393
25396
25397
25398
25402
25403
25404
25405
25407
25409
25411
25412
25414
25415
25417
25419
25420
25421
25423
25424
25426
25427
25428
25429
25434
25436
25442
25443
25446
25447
25449
25450
25456
25460
25461
25463
25465
25468
25469
25471
25474
25475
25476
25479
25483
25484
25488
25489
25490
25493
25494
25497
25498
25499
25500
25502
25508
25509
25510
25515
25516
25519
25520
25524
25525
25527
25528
25529
25530
25532
25533
25537
25542
25543
25546
25548
25551
25552
25554
25556
25557
25558
25561
25563
25568
25569
25574
25575
25576
25579
25580
25583
25586
25589
25592
25595
25597
25600
25601
25603
25605
25608
25609
25614
25616
25619
25622
25623
25626
25629
25632
25634
25636
25637
25639
25641
25643
25649
25650
25653
25654
25657
25659
25663
25665
25667
25669
25673
25675
25678
25680
25682
25685
25686
25690
25691
25694
25695
25696
25699
25700
25704
25707
25709
25711
25713
25715
25717
25718
25720
25726
25730
25731
25732
25734
25736
25737
25739
25741
25743
25744
25747
25749
25751
25756
25758
25760
25762
25764
25766
25768
25771
25772
25773
25779
25783
25784
25788
25789
25790
25793
25794
25795
25799
25800
25802
25803
25809
25812
25813
25815
25818
25820
25822
25823
25826
25827
25830
25833
25836
25837
25841
25844
25846
25847
25852
25853
25856
25857
25859
25864
25866
25867
25871
25872
25873
25876
25878
25880
25883
25885
25889
25892
25893
25895
25898
25900
25901
25903
25906
25908
25909
25915
25916
25920
25921
25924
25925
25926
25928
25931
25932
25938
25941
25943
25945
25947
25949
25951
25952
25953
25957
25958
25961
25968
25969
25970
25973
25974
25977
25978
25980
25982
25985
25987
25992
25993
25996
25997
26001
26003
26005
26006
26008
26010
26016
26018
26021
26022
26024
26026
26027
26032
26033
26035
26037
26039
26045
26046
26048
26050
26054
26055
26057
26058
26060
26063
26067
26071
26072
26074
26077
26079
26082
26083
26086
26087
26088
26091
26095
26098
26100
26102
26104
26108
26110
26111
26112
26115
26118
26122
26125
26129
26130
26132
26136
26137
26141
26143
26144
26146
26148
26151
26152
26155
26156
26160
26161
26166
26167
26170
26171
26176
26177
26179
26183
26184
26187
26188
26190
26191
26196
26197
26209
26210
26215
26216
26217
26219
26262
26263
26265
26266
26268
26269
26271
26272
26274
26275
26276
26277
26278
26279
26280
26281
26283
26284
26285
26287
26288
26289
26290
26291
26292
26293
26294
26295
26296
26297
26299
26300
26303
26304
26306
26307
26309
26310
26312
26313
26315
26316
26317
26318
26320
26321
26322
26323
26324
26325
26326
26327
26328
26330
26333
26334
26336
26337
26339
26340
26342
26343
26345
26346
26348
26349
26350
26352
26353
26355
26356
26358
26359
26360
26361
26362
26366
26367
26369
26370
26372
26373
26374
26375
26376
26377
26379
26380
26382
26383
26384
26386
26388
26389
26391
26392
26394
26395
26397
26398
26400
26401
26403
26404
26405
26406
26407
26408
26409
26411
26412
26413
26414
26415
26417
26419
26421
26422
26423
26424
26425
26427
26428
26429
26431
26432
26435
26436
26437
26438
26440
26442
26443
26444
26445
26446
26448
26449
26450
26451
26453
26454
26456
26457
26458
26459
26460
26461
26462
26464
26465
26466
26467
26469
26470
26471
26473
26474
26475
26476
26477
26478
26479
26481
26482
26483
26484
26486
26487
26488
26489
26491
26492
26493
26494
26495
26496
26497
26498
26499
26502
26503
26505
26506
26507
26509
26510
26511
26512
26513
26514
26515
26516
26517
26519
26522
26523
26524
26525
26527
26528
26529
26530
26531
26533
26535
26537
26538
26540
26542
26543
26544
26545
26546
26547
26549
26550
26551
26552
26553
26554
26555
26557
26558
26559
26560
26561
26562
26563
26565
26566
26567
26568
26569
26570
26571
26573
26574
26575
26576
26577
26578
26579
26580
26582
26583
26584
26585
26586
26588
26589
26590
26591
26592
26594
26595
26596
26598
26599
26600
26601
26603
26604
26605
26606
26607
26608
26609
26611
26612
26613
26614
26615
26616
26618
26620
26622
26624
26625
26626
26628
26629
26632
26633
26634
26635
26637
26638
26639
26640
26641
26643
26644
26645
26646
26647
26649
26650
26651
26652
26653
26655
26656
26657
26658
26659
26660
26661
26663
26664
26665
26666
26668
26669
26670
26671
26672
26673
26675
26676
26678
26679
26680
26681
26682
26683
26684
26686
26688
26689
26690
26691
26692
26694
26695
26696
26697
26698
26700
26701
26702
26703
26704
26705
26706
26707
26709
26710
26711
26712
26713
26714
26715
26717
26720
26721
26722
26723
26724
26725
26726
26728
26729
26730
26731
26732
26733
26734
26736
26737
26738
26739
26740
26741
26742
26743
26744
26745
26746
26748
26749
26750
26751
26752
26753
26754
26755
26756
26757
26758
26760
26761
26762
26763
26764
26765
26766
26767
26768
26769
26771
26772
26773
26774
26775
26776
26777
26778
26779
26780
26781
26782
26784
26785
26786
26787
26788
26789
26790
26791
26792
26793
26794
26796
26797
26798
26799
26800
26801
26802
26803
26804
26805
26807
26808
26809
26810
26811
26813
26814
26815
26816
26817
26818
26819
26821
26822
26823
26824
26825
26826
26827
26828
26829
26830
26831
26833
26834
26835
26836
26837
26838
26839
26840
26841
26842
26843
26845
26846
26847
26848
26849
26850
26851
26852
26853
26854
26855
26856
26858
26859
26860
26861
26862
26863
26864
26865
26866
26867
26868
26870
26871
26872
26873
26874
26875
26876
26877
26878
26879
26881
26883
26885
26886
26887
26888
26889
26890
26892
26893
26894
26895
26896
26897
26898
26900
26901
26902
26903
26904
26905
26906
26907
26908
26909
26911
26912
26913
26914
26915
26916
26917
26918
26919
26920
26921
26923
26924
26925
26926
26927
26928
26929
26930
26933
26934
26935
26936
26938
26939
26940
26941
26942
26943
26944
26945
26946
26947
26948
26950
26951
26952
26953
26954
26955
26956
26957
26958
26959
26961
26962
26963
26964
26965
26966
26967
26969
26970
26971
26972
26973
26974
26975
26976
26977
26978
26980
26981
26982
26983
26984
26985
26986
26987
26988
26990
26991
26992
26993
26994
26995
26997
26998
26999
27000
27001
27002
27003
27004
27005
27006
27007
27009
27010
27011
27012
27013
27014
27015
27016
27017
27018
27019
27021
27022
27023
27024
27025
27026
27027
27028
27029
27030
27032
27034
27036
27037
27039
27041
27043
27044
27047
27048
27050
27052
27054
27056
27058
27061
27062
27064
27066
27068
27070
27072
27074
27076
27077
27078
27079
27080
27081
27082
27083
27084
27085
27086
27088
27090
27092
27094
27096
27097
27099
27100
27101
27103
27105
27107
27108
27111
27114
27115
27116
27118
27119
27121
27123
27124
27125
27127
27129
27131
27132
27134
27138
27139
27140
27143
27146
27147
27149
27152
27154
27157
27158
27163
27164
27166
27167
27168
27173
27174
27176
27179
27181
27184
27185
27189
27191
27193
27197
27198
27200
27201
27203
27205
27208
27209
27211
27212
27216
27217
27218
27220
27222
27224
27226
27229
27230
27231
27233
27234
27236
27237
27238
27241
27242
27243
27244
27246
27247
27248
27250
27253
27254
27256
27257
27258
27262
27264
27266
27268
27270
27271
27272
27276
27277
27279
27280
27281
27282
27284
27285
27288
27289
27292
27295
27296
27297
27301
27302
27303
27305
27306
27307
27309
27312
27316
27319
27320
27322
27325
27327
27329
27331
27333
27335
27336
27339
27341
27343
27345
27348
27349
27352
27354
27355
27356
27358
27359
27361
27363
27364
27366
27367
27369
27371
27372
27374
27376
27378
27380
27382
27384
27386
27389
27390
27391
27392
27393
27395
27397
27398
27400
27402
27404
27407
27410
27412
27414
27416
27418
27420
27423
27425
27427
27429
27431
27433
27435
27436
27438
27439
27441
27442
27444
27446
27448
27449
27451
27452
27454
27455
27457
27459
27461
27464
27466
27468
27470
27471
27473
27475
27476
27478
27480
27482
27484
27486
27488
27489
27492
27493
27495
27497
27499
27501
27502
27505
27507
27509
27511
27513
27515
27519
27521
27523
27524
27526
27527
27529
27530
27532
27534
27536
27537
27539
27540
27542
27544
27546
27548
27549
27551
27553
27556
27558
27560
27562
27564
27565
27569
27572
27574
27576
27579
27581
27582
27584
27586
27587
27589
27590
27592
27595
27597
27599
27602
27604
27606
27608
27609
27610
27612
27614
27616
27619
27621
27624
27626
27628
27630
27632
27634
27635
27636
27638
27642
27645
27647
27649
27651
27653
27654
27656
27657
27659
27660
27662
27663
27665
27667
27668
27670
27671
27674
27675
27677
27679
27681
27682
27685
27687
27689
27690
27693
27695
27697
27699
27701
27703
27705
27707
27709
27711
27712
27713
27715
27717
