c 53610 vertices
c 65952 edges
c 42940 edges after de-duplication
s vc 53610 10670
1
32274
32276
32278
32280
32282
32284
32286
32288
32290
32292
32294
32296
32298
32300
32302
32304
32306
32308
32310
32312
32314
32316
32318
32320
32322
32324
32326
32328
32330
32332
32334
32336
32338
32340
32342
32344
32346
32348
32350
32352
32354
32356
32358
32360
32362
32364
32366
32368
32370
32372
32374
32376
32378
32380
32382
32384
32386
32388
32390
32392
32394
32396
32398
32400
32402
32404
32406
32408
32410
32412
32414
32416
32418
32420
32422
32424
32426
32428
32430
32432
32434
32436
32438
32440
32442
32444
32446
32448
32450
32452
32454
32456
32458
32460
32462
32464
32466
32468
32470
32472
32474
32476
32478
32480
32482
32484
32486
32488
32490
32492
32494
32496
32498
32500
32502
32504
32506
32508
32510
32512
32514
32516
32518
32520
32522
32524
32526
32528
32530
32532
32534
32536
32538
32540
32542
32544
32546
32548
32550
32552
32554
32556
32558
32560
32562
32564
32566
32568
32570
32572
32574
32576
32578
32580
32582
32584
32586
32588
32590
32592
32594
32596
32598
32600
32602
32604
32606
32608
32610
32612
32614
32616
32618
32620
32622
32624
32626
32628
32630
32632
32634
32636
32638
32640
32642
32644
32646
32648
32650
32652
32654
32656
32658
32660
32662
32664
32666
32668
32670
32672
32674
32676
32678
32680
32682
32684
32686
32688
32690
32692
32694
32696
32698
32700
32702
32704
32706
32708
32710
32712
32714
32716
32718
32720
32722
32724
32726
32728
32730
32732
32734
32736
32738
32740
32742
32744
32746
32748
32750
32752
32754
32756
32758
32760
32762
32764
32766
32768
32770
32772
32774
32776
32778
32780
32782
32784
32786
32788
32790
32792
32794
32796
32798
32800
32802
32804
32806
32808
32810
32812
32814
32816
32818
32820
32822
32824
32826
32828
32830
32832
32834
32836
32838
32840
32842
32844
32846
32848
32850
32852
32854
32856
32858
32860
32862
32864
32866
32868
32870
32872
32874
32876
32878
32880
32882
32884
32886
32888
32890
32892
32894
32896
32898
32900
32902
32904
32906
32908
32910
32912
32914
32916
32918
32920
32922
32924
32926
32928
32930
32932
32934
32936
32938
32940
32942
32944
32946
32948
32950
32952
32954
32956
32958
32960
32962
32964
32966
32968
32970
32972
32974
32976
32978
32980
32982
32984
32986
32988
32990
32992
32994
32996
32998
33000
33002
33004
33006
33008
33010
33012
33014
33016
33018
33020
33022
33024
33026
33028
33030
33032
33034
33036
33038
33040
33042
33044
33046
33048
33050
33052
33054
33056
33058
33060
33062
33064
33066
33068
33070
33072
33074
33076
33078
33080
33082
33084
33086
33088
33090
33092
33094
33096
33098
33100
33102
33104
33106
33108
33110
33112
33114
33116
33118
33120
33122
33124
33126
33128
33130
33132
33134
33136
33138
33140
33142
33144
33146
33148
33150
33152
33154
33156
33158
33160
33162
33164
33166
33168
33170
33172
33174
33176
33178
33180
33182
33184
33186
33188
33190
33192
33194
33196
33198
33200
33202
33204
33206
33208
33210
33212
33214
33216
33218
33220
33222
33224
33226
33228
33230
33232
33234
33236
33238
33240
33242
33244
33246
33248
33250
33252
33254
33256
33258
33260
33262
33264
33266
33268
33270
33272
33274
33276
33278
33280
33282
33284
33286
33288
33290
33292
33294
33296
33298
33300
33302
33304
33306
33308
33310
33312
33314
33316
33318
33320
33322
33324
33326
33328
33330
33332
33334
33336
33338
33340
33342
33344
33346
33348
33350
33352
33354
33356
33358
33360
33362
33364
33366
33368
33370
33372
33374
33376
33378
33380
33382
33384
33386
33388
33390
33392
33394
33396
33398
33400
33402
33404
33406
33408
33410
33412
33414
33416
33418
33420
33422
33424
33426
33428
33430
33432
33434
33436
33438
33440
33442
33444
33446
33448
33450
33452
33454
33456
33458
33460
33462
33464
33466
33468
33470
33472
33474
33476
33478
33480
33482
33484
33486
33488
33490
33492
33494
33496
33498
33500
33502
33504
33506
33508
33510
33512
33514
33516
33518
33520
33522
33524
33526
33528
33530
33532
33534
33536
33538
33540
33542
33544
33546
33548
33550
33552
33554
33556
33558
33560
33562
33564
33566
33568
33570
33572
33574
33576
33578
33580
33582
33584
33586
33588
33590
33592
33594
33596
33598
33600
33602
33604
33606
33608
33610
33612
33614
33616
33618
33620
33622
33624
33626
33628
33630
33632
33634
33636
33638
33640
33642
33644
33646
33648
33650
33652
33654
33656
33658
33660
33662
33664
33666
33668
33670
33672
33674
33676
33678
33680
33682
33684
33686
33688
33690
33692
33694
33696
33698
33700
33702
33704
33706
33708
33710
33712
33714
33716
33718
33720
33722
33724
33726
33728
33730
33732
33734
33736
33738
33740
33742
33744
33746
33748
33750
33752
33754
33756
33758
33760
33762
33764
33766
33768
33770
33772
33774
33776
33778
33780
33782
33784
33786
33788
33790
33792
33794
33796
33798
33800
33802
33804
33806
33808
33810
33812
33814
33816
33818
33820
33822
33824
33826
33828
33830
33832
33834
33836
33838
33840
33842
33844
33846
33848
33850
33852
33854
33856
33858
33860
33862
33864
33866
33868
33870
33872
33874
33876
33878
33880
33882
33884
33886
33888
33890
33892
33894
33896
33898
33900
33902
33904
33906
33908
33910
33912
33914
33916
33918
33920
33922
33924
33926
33928
33930
33932
33934
33936
33938
33940
33942
33944
33946
33948
33950
33952
33954
33956
33958
33960
33962
33964
33966
33968
33970
33972
33974
33976
33978
33980
33982
33984
33986
33988
33990
33992
33994
33996
33998
34000
34002
34004
34006
34008
34010
34012
34014
34016
34018
34020
34022
34024
34026
34028
34030
34032
34034
34036
34038
34040
34042
34044
34046
34048
34050
34052
34054
34056
34058
34060
34062
34064
34066
34068
34070
34072
34074
34076
34078
34080
34082
34084
34086
34088
34090
34092
34094
34096
34098
34100
34102
34104
34106
34108
34110
34112
34114
34116
34118
34120
34122
34124
34126
34128
34130
34132
34134
34136
34138
34140
34142
34144
34146
34148
34150
34152
34154
34156
34158
34160
34162
34164
34166
34168
34170
34172
34174
34176
34178
34180
34182
34184
34186
34188
34190
34192
34194
34196
34198
34200
34202
34204
34206
34208
34210
34212
34214
34216
34218
34220
34222
34224
34226
34228
34230
34232
34234
34236
34238
34240
34242
34244
34246
34248
34250
34252
34254
34256
34258
34260
34262
34264
34266
34268
34270
34272
34274
34276
34278
34280
34282
34284
34286
34288
34290
34292
34294
34296
34298
34300
34302
34304
34306
34308
34310
34312
34314
34316
34318
34320
34322
34324
34326
34328
34330
34332
34334
34336
34338
34340
34342
34344
34346
34348
34350
34352
34354
34356
34358
34360
34362
34364
34366
34368
34370
34372
34374
34376
34378
34380
34382
34384
34386
34388
34390
34392
34394
34396
34398
34400
34402
34404
34406
34408
34410
34412
34414
34416
34418
34420
34422
34424
34426
34428
34430
34432
34434
34436
34438
34440
34442
34444
34446
34448
34450
34452
34454
34456
34458
34460
34462
34464
34466
34468
34470
34472
34474
34476
34478
34480
34482
34484
34486
34488
34490
34492
34494
34496
34498
34500
34502
34504
34506
34508
34510
34512
34514
34516
34518
34520
34522
34524
34526
34528
34530
34532
34534
34536
34538
34540
34542
34544
34546
34548
34550
34552
34554
34556
34558
34560
34562
34564
34566
34568
34570
34572
34574
34576
34578
34580
34582
34584
34586
34588
34590
34592
34594
34596
34598
34600
34602
34604
34606
34608
34610
34612
34614
34616
34618
34620
34622
34624
34626
34628
34630
34632
34634
34636
34638
34640
34642
34644
34646
34648
34650
34652
34654
34656
34658
34660
34662
34664
34666
34668
34670
34672
34674
34676
34678
34680
34682
34684
34686
34688
34690
34692
34694
34696
34698
34700
34702
34704
34706
34708
34710
34712
34714
34716
34718
34720
34722
34724
34726
34728
34730
34732
34734
34736
34738
34740
34742
34744
34746
34748
34750
34752
34754
34756
34758
34760
34762
34764
34766
34768
34770
34772
34774
34776
34778
34780
34782
34784
34786
34788
34790
34792
34794
34796
34798
34800
34802
34804
34806
34808
34810
34812
34814
34816
34818
34820
34822
34824
34826
34828
34830
34832
34834
34836
34838
34840
34842
34844
34846
34848
34850
34852
34854
34856
34858
34860
34862
34864
34866
34868
34870
34872
34874
34876
34878
34880
34882
34884
34886
34888
34890
34892
34894
34896
34898
34900
34902
34904
34906
34908
34910
34912
34914
34916
34918
34920
34922
34924
34926
34928
34930
34932
34934
34936
34938
34940
34942
34944
34946
34948
34950
34952
34954
34956
34958
34960
34962
34964
34966
34968
34970
34972
34974
34976
34978
34980
34982
34984
34986
34988
34990
34992
34994
34996
34998
35000
35002
35004
35006
35008
35010
35012
35014
35016
35018
35020
35022
35024
35026
35028
35030
35032
35034
35036
35038
35040
35042
35044
35046
35048
35050
35052
35054
35056
35058
35060
35062
35064
35066
35068
35070
35072
35074
35076
35078
35080
35082
35084
35086
35088
35090
35092
35094
35096
35098
35100
35102
35104
35106
35108
35110
35112
35114
35116
35118
35120
35122
35124
35126
35128
35130
35132
35134
35136
35138
35140
35142
35144
35146
35148
35150
35152
35154
35156
35158
35160
35162
35164
35166
35168
35170
35172
35174
35176
35178
35180
35182
35184
35186
35188
35190
35192
35194
35196
35198
35200
35202
35204
35206
35208
35210
35212
35214
35216
35218
35220
35222
35224
35226
35228
35230
35232
35234
35236
35238
35240
35242
35244
35246
35248
35250
35252
35254
35256
35258
35260
35262
35264
35266
35268
35270
35272
35274
35276
35278
35280
35282
35284
35286
35288
35290
35292
35294
35296
35298
35300
35302
35304
35306
35308
35310
35312
35314
35316
35318
35320
35322
35324
35326
35328
35330
35332
35334
35336
35338
35340
35342
35344
35346
35348
35350
35352
35354
35356
35358
35360
35362
35364
35366
35368
35370
35372
35374
35376
35378
35380
35382
35384
35386
35388
35390
35392
35394
35396
35398
35400
35402
35404
35406
35408
35410
35412
35414
35416
35418
35420
35422
35424
35426
35428
35430
35432
35434
35436
35438
35440
35442
35444
35446
35448
35450
35452
35454
35456
35458
35460
35462
35464
35466
35468
35470
35472
35474
35476
35478
35480
35482
35484
35486
35488
35490
35492
35494
35496
35498
35500
35502
35504
35506
35508
35510
35512
35514
35516
35518
35520
35522
35524
35526
35528
35530
35532
35534
35536
35538
35540
35542
35544
35546
35548
35550
35552
35554
35556
35558
35560
35562
35564
35566
35568
35570
35572
35574
35576
35578
35580
35582
35584
35586
35588
35590
35592
35594
35596
35598
35600
35602
35604
35606
35608
35610
35612
35614
35616
35618
35620
35622
35624
35626
35628
35630
35632
35634
35636
35638
35640
35642
35644
35646
35648
35650
35652
35654
35656
35658
35660
35662
35664
35666
35668
35670
35672
35674
35676
35678
35680
35682
35684
35686
35688
35690
35692
35694
35696
35698
35700
35702
35704
35706
35708
35710
35712
35714
35716
35718
35720
35722
35724
35726
35728
35730
35732
35734
35736
35738
35740
35742
35744
35746
35748
35750
35752
35754
35756
35758
35760
35762
35764
35766
35768
35770
35772
35774
35776
35778
35780
35782
35784
35786
35788
35790
35792
35794
35796
35798
35800
35802
35804
35806
35808
35810
35812
35814
35816
35818
35820
35822
35824
35826
35828
35830
35832
35834
35836
35838
35840
35842
35844
35846
35848
35850
35852
35854
35856
35858
35860
35862
35864
35866
35868
35870
35872
35874
35876
35878
35880
35882
35884
35886
35888
35890
35892
35894
35896
35898
35900
35902
35904
35906
35908
35910
35912
35914
35916
35918
35920
35922
35924
35926
35928
35930
35932
35934
35936
35938
35940
35942
35944
35946
35948
35950
35952
35954
35956
35958
35960
35962
35964
35966
35968
35970
35972
35974
35976
35978
35980
35982
35984
35986
35988
35990
35992
35994
35996
35998
36000
36002
36004
36006
36008
36010
36012
36014
36016
36018
36020
36022
36024
36026
36028
36030
36032
36034
36036
36038
36040
36042
36044
36046
36048
36050
36052
36054
36056
36058
36060
36062
36064
36066
36068
36070
36072
36074
36076
36078
36080
36082
36084
36086
36088
36090
36092
36094
36096
36098
36100
36102
36104
36106
36108
36110
36112
36114
36116
36118
36120
36122
36124
36126
36128
36130
36132
36134
36136
36138
36140
36142
36144
36146
36148
36150
36152
36154
36156
36158
36160
36162
36164
36166
36168
36170
36172
36174
36176
36178
36180
36182
36184
36186
36188
36190
36192
36194
36196
36198
36200
36202
36204
36206
36208
36210
36212
36214
36216
36218
36220
36222
36224
36226
36228
36230
36232
36234
36236
36238
36240
36242
36244
36246
36248
36250
36252
36254
36256
36258
36260
36262
36264
36266
36268
36270
36272
36274
36276
36278
36280
36282
36284
36286
36288
36290
36292
36294
36296
36298
36300
36302
36304
36306
36308
36310
36312
36314
36316
36318
36320
36322
36324
36326
36328
36330
36332
36334
36336
36338
36340
36342
36344
36346
36348
36350
36352
36354
36356
36358
36360
36362
36364
36366
36368
36370
36372
36374
36376
36378
36380
36382
36384
36386
36388
36390
36392
36394
36396
36398
36400
36402
36404
36406
36408
36410
36412
36414
36416
36418
36420
36422
36424
36426
36428
36430
36432
36434
36436
36438
36440
36442
36444
36446
36448
36450
36452
36454
36456
36458
36460
36462
36464
36466
36468
36470
36472
36474
36476
36478
36480
36482
36484
36486
36488
36490
36492
36494
36496
36498
36500
36502
36504
36506
36508
36510
36512
36514
36516
36518
36520
36522
36524
36526
36528
36530
36532
36534
36536
36538
36540
36542
36544
36546
36548
36550
36552
36554
36556
36558
36560
36562
36564
36566
36568
36570
36572
36574
36576
36578
36580
36582
36584
36586
36588
36590
36592
36594
36596
36598
36600
36602
36604
36606
36608
36610
36612
36614
36616
36618
36620
36622
36624
36626
36628
36630
36632
36634
36636
36638
36640
36642
36644
36646
36648
36650
36652
36654
36656
36658
36660
36662
36664
36666
36668
36670
36672
36674
36676
36678
36680
36682
36684
36686
36688
36690
36692
36694
36696
36698
36700
36702
36704
36706
36708
36710
36712
36714
36716
36718
36720
36722
36724
36726
36728
36730
36732
36734
36736
36738
36740
36742
36744
36746
36748
36750
36752
36754
36756
36758
36760
36762
36764
36766
36768
36770
36772
36774
36776
36778
36780
36782
36784
36786
36788
36790
36792
36794
36796
36798
36800
36802
36804
36806
36808
36810
36812
36814
36816
36818
36820
36822
36824
36826
36828
36830
36832
36834
36836
36838
36840
36842
36844
36846
36848
36850
36852
36854
36856
36858
36860
36862
36864
36866
36868
36870
36872
36874
36876
36878
36880
36882
36884
36886
36888
36890
36892
36894
36896
36898
36900
36902
36904
36906
36908
36910
36912
36914
36916
36918
36920
36922
36924
36926
36928
36930
36932
36934
36936
36938
36940
36942
36944
36946
36948
36950
36952
36954
36956
36958
36960
36962
36964
36966
36968
36970
36972
36974
36976
36978
36980
36982
36984
36986
36988
36990
36992
36994
36996
36998
37000
37002
37004
37006
37008
37010
37012
37014
37016
37018
37020
37022
37024
37026
37028
37030
37032
37034
37036
37038
37040
37042
37044
37046
37048
37050
37052
37054
37056
37058
37060
37062
37064
37066
37068
37070
37072
37074
37076
37078
37080
37082
37084
37086
37088
37090
37092
37094
37096
37098
37100
37102
37104
37106
37108
37110
37112
37114
37116
37118
37120
37122
37124
37126
37128
37130
37132
37134
37136
37138
37140
37142
37144
37146
37148
37150
37152
37154
37156
37158
37160
37162
37164
37166
37168
37170
37172
37174
37176
37178
37180
37182
37184
37186
37188
37190
37192
37194
37196
37198
37200
37202
37204
37206
37208
37210
37212
37214
37216
37218
37220
37222
37224
37226
37228
37230
37232
37234
37236
37238
37240
37242
37244
37246
37248
37250
37252
37254
37256
37258
37260
37262
37264
37266
37268
37270
37272
37274
37276
37278
37280
37282
37284
37286
37288
37290
37292
37294
37296
37298
37300
37302
37304
37306
37308
37310
37312
37314
37316
37318
37320
37322
37324
37326
37328
37330
37332
37334
37336
37338
37340
37342
37344
37346
37348
37350
37352
37354
37356
37358
37360
37362
37364
37366
37368
37370
37372
37374
37376
37378
37380
37382
37384
37386
37388
37390
37392
37394
37396
37398
37400
37402
37404
37406
37408
37410
37412
37414
37416
37418
37420
37422
37424
37426
37428
37430
37432
37434
37436
37438
37440
37442
37444
37446
37448
37450
37452
37454
37456
37458
37460
37462
37464
37466
37468
37470
37472
37474
37476
37478
37480
37482
37484
37486
37488
37490
37492
37494
37496
37498
37500
37502
37504
37506
37508
37510
37512
37514
37516
37518
37520
37522
37524
37526
37528
37530
37532
37534
37536
37538
37540
37542
37544
37546
37548
37550
37552
37554
37556
37558
37560
37562
37564
37566
37568
37570
37572
37574
37576
37578
37580
37582
37584
37586
37588
37590
37592
37594
37596
37598
37600
37602
37604
37606
37608
37610
37612
37614
37616
37618
37620
37622
37624
37626
37628
37630
37632
37634
37636
37638
37640
37642
37644
37646
37648
37650
37652
37654
37656
37658
37660
37662
37664
37666
37668
37670
37672
37674
37676
37678
37680
37682
37684
37686
37688
37690
37692
37694
37696
37698
37700
37702
37704
37706
37708
37710
37712
37714
37716
37718
37720
37722
37724
37726
37728
37730
37732
37734
37736
37738
37740
37742
37744
37746
37748
37750
37752
37754
37756
37758
37760
37762
37764
37766
37768
37770
37772
37774
37776
37778
37780
37782
37784
37786
37788
37790
37792
37794
37796
37798
37800
37802
37804
37806
37808
37810
37812
37814
37816
37818
37820
37822
37824
37826
37828
37830
37832
37834
37836
37838
37840
37842
37844
37846
37848
37850
37852
37854
37856
37858
37860
37862
37864
37866
37868
37870
37872
37874
37876
37878
37880
37882
37884
37886
37888
37890
37892
37894
37896
37898
37900
37902
37904
37906
37908
37910
37912
37914
37916
37918
37920
37922
37924
37926
37928
37930
37932
37934
37936
37938
37940
37942
37944
37946
37948
37950
37952
37954
37956
37958
37960
37962
37964
37966
37968
37970
37972
37974
37976
37978
37980
37982
37984
37986
37988
37990
37992
37994
37996
37998
38000
38002
38004
38006
38008
38010
38012
38014
38016
38018
38020
38022
38024
38026
38028
38030
38032
38034
38036
38038
38040
38042
38044
38046
38048
38050
38052
38054
38056
38058
38060
38062
38064
38066
38068
38070
38072
38074
38076
38078
38080
38082
38084
38086
38088
38090
38092
38094
38096
38098
38100
38102
38104
38106
38108
38110
38112
38114
38116
38118
38120
38122
38124
38126
38128
38130
38132
38134
38136
38138
38140
38142
38144
38146
38148
38150
38152
38154
38156
38158
38160
38162
38164
38166
38168
38170
38172
38174
38176
38178
38180
38182
38184
38186
38188
38190
38192
38194
38196
38198
38200
38202
38204
38206
38208
38210
38212
38214
38216
38218
38220
38222
38224
38226
38228
38230
38232
38234
38236
38238
38240
38242
38244
38246
38248
38250
38252
38254
38256
38258
38260
38262
38264
38266
38268
38270
38272
38274
38276
38278
38280
38282
38284
38286
38288
38290
38292
38294
38296
38298
38300
38302
38304
38306
38308
38310
38312
38314
38316
38318
38320
38322
38324
38326
38328
38330
38332
38334
38336
38338
38340
38342
38344
38346
38348
38350
38352
38354
38356
38358
38360
38362
38364
38366
38368
38370
38372
38374
38376
38378
38380
38382
38384
38386
38388
38390
38392
38394
38396
38398
38400
38402
38404
38406
38408
38410
38412
38414
38416
38418
38420
38422
38424
38426
38428
38430
38432
38434
38436
38438
38440
38442
38444
38446
38448
38450
38452
38454
38456
38458
38460
38462
38464
38466
38468
38470
38472
38474
38476
38478
38480
38482
38484
38486
38488
38490
38492
38494
38496
38498
38500
38502
38504
38506
38508
38510
38512
38514
38516
38518
38520
38522
38524
38526
38528
38530
38532
38534
38536
38538
38540
38542
38544
38546
38548
38550
38552
38554
38556
38558
38560
38562
38564
38566
38568
38570
38572
38574
38576
38578
38580
38582
38584
38586
38588
38590
38592
38594
38596
38598
38600
38602
38604
38606
38608
38610
38612
38614
38616
38618
38620
38622
38624
38626
38628
38630
38632
38634
38636
38638
38640
38642
38644
38646
38648
38650
38652
38654
38656
38658
38660
38662
38664
38666
38668
38670
38672
38674
38676
38678
38680
38682
38684
38686
38688
38690
38692
38694
38696
38698
38700
38702
38704
38706
38708
38710
38712
38714
38716
38718
38720
38722
38724
38726
38728
38730
38732
38734
38736
38738
38740
38742
38744
38746
38748
38750
38752
38754
38756
38758
38760
38762
38764
38766
38768
38770
38772
38774
38776
38778
38780
38782
38784
38786
38788
38790
38792
38794
38796
38798
38800
38802
38804
38806
38808
38810
38812
38814
38816
38818
38820
38822
38824
38826
38828
38830
38832
38834
38836
38838
38840
38842
38844
38846
38848
38850
38852
38854
38856
38858
38860
38862
38864
38866
38868
38870
38872
38874
38876
38878
38880
38882
38884
38886
38888
38890
38892
38894
38896
38898
38900
38902
38904
38906
38908
38910
38912
38914
38916
38918
38920
38922
38924
38926
38928
38930
38932
38934
38936
38938
38940
38942
38944
38946
38948
38950
38952
38954
38956
38958
38960
38962
38964
38966
38968
38970
38972
38974
38976
38978
38980
38982
38984
38986
38988
38990
38992
38994
38996
38998
39000
39002
39004
39006
39008
39010
39012
39014
39016
39018
39020
39022
39024
39026
39028
39030
39032
39034
39036
39038
39040
39042
39044
39046
39048
39050
39052
39054
39056
39058
39060
39062
39064
39066
39068
39070
39072
39074
39076
39078
39080
39082
39084
39086
39088
39090
39092
39094
39096
39098
39100
39102
39104
39106
39108
39110
39112
39114
39116
39118
39120
39122
39124
39126
39128
39130
39132
39134
39136
39138
39140
39142
39144
39146
39148
39150
39152
39154
39156
39158
39160
39162
39164
39166
39168
39170
39172
39174
39176
39178
39180
39182
39184
39186
39188
39190
39192
39194
39196
39198
39200
39202
39204
39206
39208
39210
39212
39214
39216
39218
39220
39222
39224
39226
39228
39230
39232
39234
39236
39238
39240
39242
39244
39246
39248
39250
39252
39254
39256
39258
39260
39262
39264
39266
39268
39270
39272
39274
39276
39278
39280
39282
39284
39286
39288
39290
39292
39294
39296
39298
39300
39302
39304
39306
39308
39310
39312
39314
39316
39318
39320
39322
39324
39326
39328
39330
39332
39334
39336
39338
39340
39342
39344
39346
39348
39350
39352
39354
39356
39358
39360
39362
39364
39366
39368
39370
39372
39374
39376
39378
39380
39382
39384
39386
39388
39390
39392
39394
39396
39398
39400
39402
39404
39406
39408
39410
39412
39414
39416
39418
39420
39422
39424
39426
39428
39430
39432
39434
39436
39438
39440
39442
39444
39446
39448
39450
39452
39454
39456
39458
39460
39462
39464
39466
39468
39470
39472
39474
39476
39478
39480
39482
39484
39486
39488
39490
39492
39494
39496
39498
39500
39502
39504
39506
39508
39510
39512
39514
39516
39518
39520
39522
39524
39526
39528
39530
39532
39534
39536
39538
39540
39542
39544
39546
39548
39550
39552
39554
39556
39558
39560
39562
39564
39566
39568
39570
39572
39574
39576
39578
39580
39582
39584
39586
39588
39590
39592
39594
39596
39598
39600
39602
39604
39606
39608
39610
39612
39614
39616
39618
39620
39622
39624
39626
39628
39630
39632
39634
39636
39638
39640
39642
39644
39646
39648
39650
39652
39654
39656
39658
39660
39662
39664
39666
39668
39670
39672
39674
39676
39678
39680
39682
39684
39686
39688
39690
39692
39694
39696
39698
39700
39702
39704
39706
39708
39710
39712
39714
39716
39718
39720
39722
39724
39726
39728
39730
39732
39734
39736
39738
39740
39742
39744
39746
39748
39750
39752
39754
39756
39758
39760
39762
39764
39766
39768
39770
39772
39774
39776
39778
39780
39782
39784
39786
39788
39790
39792
39794
39796
39798
39800
39802
39804
39806
39808
39810
39812
39814
39816
39818
39820
39822
39824
39826
39828
39830
39832
39834
39836
39838
39840
39842
39844
39846
39848
39850
39852
39854
39856
39858
39860
39862
39864
39866
39868
39870
39872
39874
39876
39878
39880
39882
39884
39886
39888
39890
39892
39894
39896
39898
39900
39902
39904
39906
39908
39910
39912
39914
39916
39918
39920
39922
39924
39926
39928
39930
39932
39934
39936
39938
39940
39942
39944
39946
39948
39950
39952
39954
39956
39958
39960
39962
39964
39966
39968
39970
39972
39974
39976
39978
39980
39982
39984
39986
39988
39990
39992
39994
39996
39998
40000
40002
40004
40006
40008
40010
40012
40014
40016
40018
40020
40022
40024
40026
40028
40030
40032
40034
40036
40038
40040
40042
40044
40046
40048
40050
40052
40054
40056
40058
40060
40062
40064
40066
40068
40070
40072
40074
40076
40078
40080
40082
40084
40086
40088
40090
40092
40094
40096
40098
40100
40102
40104
40106
40108
40110
40112
40114
40116
40118
40120
40122
40124
40126
40128
40130
40132
40134
40136
40138
40140
40142
40144
40146
40148
40150
40152
40154
40156
40158
40160
40162
40164
40166
40168
40170
40172
40174
40176
40178
40180
40182
40184
40186
40188
40190
40192
40194
40196
40198
40200
40202
40204
40206
40208
40210
40212
40214
40216
40218
40220
40222
40224
40226
40228
40230
40232
40234
40236
40238
40240
40242
40244
40246
40248
40250
40252
40254
40256
40258
40260
40262
40264
40266
40268
40270
40272
40274
40276
40278
40280
40282
40284
40286
40288
40290
40292
40294
40296
40298
40300
40302
40304
40306
40308
40310
40312
40314
40316
40318
40320
40322
40324
40326
40328
40330
40332
40334
40336
40338
40340
40342
40344
40346
40348
40350
40352
40354
40356
40358
40360
40362
40364
40366
40368
40370
40372
40374
40376
40378
40380
40382
40384
40386
40388
40390
40392
40394
40396
40398
40400
40402
40404
40406
40408
40410
40412
40414
40416
40418
40420
40422
40424
40426
40428
40430
40432
40434
40436
40438
40440
40442
40444
40446
40448
40450
40452
40454
40456
40458
40460
40462
40464
40466
40468
40470
40472
40474
40476
40478
40480
40482
40484
40486
40488
40490
40492
40494
40496
40498
40500
40502
40504
40506
40508
40510
40512
40514
40516
40518
40520
40522
40524
40526
40528
40530
40532
40534
40536
40538
40540
40542
40544
40546
40548
40550
40552
40554
40556
40558
40560
40562
40564
40566
40568
40570
40572
40574
40576
40578
40580
40582
40584
40586
40588
40590
40592
40594
40596
40598
40600
40602
40604
40606
40608
40610
40612
40614
40616
40618
40620
40622
40624
40626
40628
40630
40632
40634
40636
40638
40640
40642
40644
40646
40648
40650
40652
40654
40656
40658
40660
40662
40664
40666
40668
40670
40672
40674
40676
40678
40680
40682
40684
40686
40688
40690
40692
40694
40696
40698
40700
40702
40704
40706
40708
40710
40712
40714
40716
40718
40720
40722
40724
40726
40728
40730
40732
40734
40736
40738
40740
40742
40744
40746
40748
40750
40752
40754
40756
40758
40760
40762
40764
40766
40768
40770
40772
40774
40776
40778
40780
40782
40784
40786
40788
40790
40792
40794
40796
40798
40800
40802
40804
40806
40808
40810
40812
40814
40816
40818
40820
40822
40824
40826
40828
40830
40832
40834
40836
40838
40840
40842
40844
40846
40848
40850
40852
40854
40856
40858
40860
40862
40864
40866
40868
40870
40872
40874
40876
40878
40880
40882
40884
40886
40888
40890
40892
40894
40896
40898
40900
40902
40904
40906
40908
40910
40912
40914
40916
40918
40920
40922
40924
40926
40928
40930
40932
40934
40936
40938
40940
40942
40944
40946
40948
40950
40952
40954
40956
40958
40960
40962
40964
40966
40968
40970
40972
40974
40976
40978
40980
40982
40984
40986
40988
40990
40992
40994
40996
40998
41000
41002
41004
41006
41008
41010
41012
41014
41016
41018
41020
41022
41024
41026
41028
41030
41032
41034
41036
41038
41040
41042
41044
41046
41048
41050
41052
41054
41056
41058
41060
41062
41064
41066
41068
41070
41072
41074
41076
41078
41080
41082
41084
41086
41088
41090
41092
41094
41096
41098
41100
41102
41104
41106
41108
41110
41112
41114
41116
41118
41120
41122
41124
41126
41128
41130
41132
41134
41136
41138
41140
41142
41144
41146
41148
41150
41152
41154
41156
41158
41160
41162
41164
41166
41168
41170
41172
41174
41176
41178
41180
41182
41184
41186
41188
41190
41192
41194
41196
41198
41200
41202
41204
41206
41208
41210
41212
41214
41216
41218
41220
41222
41224
41226
41228
41230
41232
41234
41236
41238
41240
41242
41244
41246
41248
41250
41252
41254
41256
41258
41260
41262
41264
41266
41268
41270
41272
41274
41276
41278
41280
41282
41284
41286
41288
41290
41292
41294
41296
41298
41300
41302
41304
41306
41308
41310
41312
41314
41316
41318
41320
41322
41324
41326
41328
41330
41332
41334
41336
41338
41340
41342
41344
41346
41348
41350
41352
41354
41356
41358
41360
41362
41364
41366
41368
41370
41372
41374
41376
41378
41380
41382
41384
41386
41388
41390
41392
41394
41396
41398
41400
41402
41404
41406
41408
41410
41412
41414
41416
41418
41420
41422
41424
41426
41428
41430
41432
41434
41436
41438
41440
41442
41444
41446
41448
41450
41452
41454
41456
41458
41460
41462
41464
41466
41468
41470
41472
41474
41476
41478
41480
41482
41484
41486
41488
41490
41492
41494
41496
41498
41500
41502
41504
41506
41508
41510
41512
41514
41516
41518
41520
41522
41524
41526
41528
41530
41532
41534
41536
41538
41540
41542
41544
41546
41548
41550
41552
41554
41556
41558
41560
41562
41564
41566
41568
41570
41572
41574
41576
41578
41580
41582
41584
41586
41588
41590
41592
41594
41596
41598
41600
41602
41604
41606
41608
41610
41612
41614
41616
41618
41620
41622
41624
41626
41628
41630
41632
41634
41636
41638
41640
41642
41644
41646
41648
41650
41652
41654
41656
41658
41660
41662
41664
41666
41668
41670
41672
41674
41676
41678
41680
41682
41684
41686
41688
41690
41692
41694
41696
41698
41700
41702
41704
41706
41708
41710
41712
41714
41716
41718
41720
41722
41724
41726
41728
41730
41732
41734
41736
41738
41740
41742
41744
41746
41748
41750
41752
41754
41756
41758
41760
41762
41764
41766
41768
41770
41772
41774
41776
41778
41780
41782
41784
41786
41788
41790
41792
41794
41796
41798
41800
41802
41804
41806
41808
41810
41812
41814
41816
41818
41820
41822
41824
41826
41828
41830
41832
41834
41836
41838
41840
41842
41844
41846
41848
41850
41852
41854
41856
41858
41860
41862
41864
41866
41868
41870
41872
41874
41876
41878
41880
41882
41884
41886
41888
41890
41892
41894
41896
41898
41900
41902
41904
41906
41908
41910
41912
41914
41916
41918
41920
41922
41924
41926
41928
41930
41932
41934
41936
41938
41940
41942
41944
41946
41948
41950
41952
41954
41956
41958
41960
41962
41964
41966
41968
41970
41972
41974
41976
41978
41980
41982
41984
41986
41988
41990
41992
41994
41996
41998
42000
42002
42004
42006
42008
42010
42012
42014
42016
42018
42020
42022
42024
42026
42028
42030
42032
42034
42036
42038
42040
42042
42044
42046
42048
42050
42052
42054
42056
42058
42060
42062
42064
42066
42068
42070
42072
42074
42076
42078
42080
42082
42084
42086
42088
42090
42092
42094
42096
42098
42100
42102
42104
42106
42108
42110
42112
42114
42116
42118
42120
42122
42124
42126
42128
42130
42132
42134
42136
42138
42140
42142
42144
42146
42148
42150
42152
42154
42156
42158
42160
42162
42164
42166
42168
42170
42172
42174
42176
42178
42180
42182
42184
42186
42188
42190
42192
42194
42196
42198
42200
42202
42204
42206
42208
42210
42212
42214
42216
42218
42220
42222
42224
42226
42228
42230
42232
42234
42236
42238
42240
42242
42244
42246
42248
42250
42252
42254
42256
42258
42260
42262
42264
42266
42268
42270
42272
42274
42276
42278
42280
42282
42284
42286
42288
42290
42292
42294
42296
42298
42300
42302
42304
42306
42308
42310
42312
42314
42316
42318
42320
42322
42324
42326
42328
42330
42332
42334
42336
42338
42340
42342
42344
42346
42348
42350
42352
42354
42356
42358
42360
42362
42364
42366
42368
42370
42372
42374
42376
42378
42380
42382
42384
42386
42388
42390
42392
42394
42396
42398
42400
42402
42404
42406
42408
42410
42412
42414
42416
42418
42420
42422
42424
42426
42428
42430
42432
42434
42436
42438
42440
42442
42444
42446
42448
42450
42452
42454
42456
42458
42460
42462
42464
42466
42468
42470
42472
42474
42476
42478
42480
42482
42484
42486
42488
42490
42492
42494
42496
42498
42500
42502
42504
42506
42508
42510
42512
42514
42516
42518
42520
42522
42524
42526
42528
42530
42532
42534
42536
42538
42540
42542
42544
42546
42548
42550
42552
42554
42556
42558
42560
42562
42564
42566
42568
42570
42572
42574
42576
42578
42580
42582
42584
42586
42588
42590
42592
42594
42596
42598
42600
42602
42604
42606
42608
42610
42612
42614
42616
42618
42620
42622
42624
42626
42628
42630
42632
42634
42636
42638
42640
42642
42644
42646
42648
42650
42652
42654
42656
42658
42660
42662
42664
42666
42668
42670
42672
42674
42676
42678
42680
42682
42684
42686
42688
42690
42692
42694
42696
42698
42700
42702
42704
42706
42708
42710
42712
42714
42716
42718
42720
42722
42724
42726
42728
42730
42732
42734
42736
42738
42740
42742
42744
42746
42748
42750
42752
42754
42756
42758
42760
42762
42764
42766
42768
42770
42772
42774
42776
42778
42780
42782
42784
42786
42788
42790
42792
42794
42796
42798
42800
42802
42804
42806
42808
42810
42812
42814
42816
42818
42820
42822
42824
42826
42828
42830
42832
42834
42836
42838
42840
42842
42844
42846
42848
42850
42852
42854
42856
42858
42860
42862
42864
42866
42868
42870
42872
42874
42876
42878
42880
42882
42884
42886
42888
42890
42892
42894
42896
42898
42900
42902
42904
42906
42908
42910
42912
42914
42916
42918
42920
42922
42924
42926
42928
42930
42932
42934
42936
42938
42940
42942
42944
42946
42948
42950
42952
42954
42956
42958
42960
42962
42964
42966
42968
42970
42972
42974
42976
42978
42980
42982
42984
42986
42988
42990
42992
42994
42996
42998
43000
43002
43004
43006
43008
43010
43012
43014
43016
43018
43020
43022
43024
43026
43028
43030
43032
43034
43036
43038
43040
43042
43044
43046
43048
43050
43052
43054
43056
43058
43060
43062
43064
43066
43068
43070
43072
43074
43076
43078
43080
43082
43084
43086
43088
43090
43092
43094
43096
43098
43100
43102
43104
43106
43108
43110
43112
43114
43116
43118
43120
43122
43124
43126
43128
43130
43132
43134
43136
43138
43140
43142
43144
43146
43148
43150
43152
43154
43156
43158
43160
43162
43164
43166
43168
43170
43172
43174
43176
43178
43180
43182
43184
43186
43188
43190
43192
43194
43196
43198
43200
43202
43204
43206
43208
43210
43212
43214
43216
43218
43220
43222
43224
43226
43228
43230
43232
43234
43236
43238
43240
43242
43244
43246
43248
43250
43252
43254
43256
43258
43260
43262
43264
43266
43268
43270
43272
43274
43276
43278
43280
43282
43284
43286
43288
43290
43292
43294
43296
43298
43300
43302
43304
43306
43308
43310
43312
43314
43316
43318
43320
43322
43324
43326
43328
43330
43332
43334
43336
43338
43340
43342
43344
43346
43348
43350
43352
43354
43356
43358
43360
43362
43364
43366
43368
43370
43372
43374
43376
43378
43380
43382
43384
43386
43388
43390
43392
43394
43396
43398
43400
43402
43404
43406
43408
43410
43412
43414
43416
43418
43420
43422
43424
43426
43428
43430
43432
43434
43436
43438
43440
43442
43444
43446
43448
43450
43452
43454
43456
43458
43460
43462
43464
43466
43468
43470
43472
43474
43476
43478
43480
43482
43484
43486
43488
43490
43492
43494
43496
43498
43500
43502
43504
43506
43508
43510
43512
43514
43516
43518
43520
43522
43524
43526
43528
43530
43532
43534
43536
43538
43540
43542
43544
43546
43548
43550
43552
43554
43556
43558
43560
43562
43564
43566
43568
43570
43572
43574
43576
43578
43580
43582
43584
43586
43588
43590
43592
43594
43596
43598
43600
43602
43604
43606
43608
43610
43612
43614
43616
43618
43620
43622
43624
43626
43628
43630
43632
43634
43636
43638
43640
43642
43644
43646
43648
43650
43652
43654
43656
43658
43660
43662
43664
43666
43668
43670
43672
43674
43676
43678
43680
43682
43684
43686
43688
43690
43692
43694
43696
43698
43700
43702
43704
43706
43708
43710
43712
43714
43716
43718
43720
43722
43724
43726
43728
43730
43732
43734
43736
43738
43740
43742
43744
43746
43748
43750
43752
43754
43756
43758
43760
43762
43764
43766
43768
43770
43772
43774
43776
43778
43780
43782
43784
43786
43788
43790
43792
43794
43796
43798
43800
43802
43804
43806
43808
43810
43812
43814
43816
43818
43820
43822
43824
43826
43828
43830
43832
43834
43836
43838
43840
43842
43844
43846
43848
43850
43852
43854
43856
43858
43860
43862
43864
43866
43868
43870
43872
43874
43876
43878
43880
43882
43884
43886
43888
43890
43892
43894
43896
43898
43900
43902
43904
43906
43908
43910
43912
43914
43916
43918
43920
43922
43924
43926
43928
43930
43932
43934
43936
43938
43940
43942
43944
43946
43948
43950
43952
43954
43956
43958
43960
43962
43964
43966
43968
43970
43972
43974
43976
43978
43980
43982
43984
43986
43988
43990
43992
43994
43996
43998
44000
44002
44004
44006
44008
44010
44012
44014
44016
44018
44020
44022
44024
44026
44028
44030
44032
44034
44036
44038
44040
44042
44044
44046
44048
44050
44052
44054
44056
44058
44060
44062
44064
44066
44068
44070
44072
44074
44076
44078
44080
44082
44084
44086
44088
44090
44092
44094
44096
44098
44100
44102
44104
44106
44108
44110
44112
44114
44116
44118
44120
44122
44124
44126
44128
44130
44132
44134
44136
44138
44140
44142
44144
44146
44148
44150
44152
44154
44156
44158
44160
44162
44164
44166
44168
44170
44172
44174
44176
44178
44180
44182
44184
44186
44188
44190
44192
44194
44196
44198
44200
44202
44204
44206
44208
44210
44212
44214
44216
44218
44220
44222
44224
44226
44228
44230
44232
44234
44236
44238
44240
44242
44244
44246
44248
44250
44252
44254
44256
44258
44260
44262
44264
44266
44268
44270
44272
44274
44276
44278
44280
44282
44284
44286
44288
44290
44292
44294
44296
44298
44300
44302
44304
44306
44308
44310
44312
44314
44316
44318
44320
44322
44324
44326
44328
44330
44332
44334
44336
44338
44340
44342
44344
44346
44348
44350
44352
44354
44356
44358
44360
44362
44364
44366
44368
44370
44372
44374
44376
44378
44380
44382
44384
44386
44388
44390
44392
44394
44396
44398
44400
44402
44404
44406
44408
44410
44412
44414
44416
44418
44420
44422
44424
44426
44428
44430
44432
44434
44436
44438
44440
44442
44444
44446
44448
44450
44452
44454
44456
44458
44460
44462
44464
44466
44468
44470
44472
44474
44476
44478
44480
44482
44484
44486
44488
44490
44492
44494
44496
44498
44500
44502
44504
44506
44508
44510
44512
44514
44516
44518
44520
44522
44524
44526
44528
44530
44532
44534
44536
44538
44540
44542
44544
44546
44548
44550
44552
44554
44556
44558
44560
44562
44564
44566
44568
44570
44572
44574
44576
44578
44580
44582
44584
44586
44588
44590
44592
44594
44596
44598
44600
44602
44604
44606
44608
44610
44612
44614
44616
44618
44620
44622
44624
44626
44628
44630
44632
44634
44636
44638
44640
44642
44644
44646
44648
44650
44652
44654
44656
44658
44660
44662
44664
44666
44668
44670
44672
44674
44676
44678
44680
44682
44684
44686
44688
44690
44692
44694
44696
44698
44700
44702
44704
44706
44708
44710
44712
44714
44716
44718
44720
44722
44724
44726
44728
44730
44732
44734
44736
44738
44740
44742
44744
44746
44748
44750
44752
44754
44756
44758
44760
44762
44764
44766
44768
44770
44772
44774
44776
44778
44780
44782
44784
44786
44788
44790
44792
44794
44796
44798
44800
44802
44804
44806
44808
44810
44812
44814
44816
44818
44820
44822
44824
44826
44828
44830
44832
44834
44836
44838
44840
44842
44844
44846
44848
44850
44852
44854
44856
44858
44860
44862
44864
44866
44868
44870
44872
44874
44876
44878
44880
44882
44884
44886
44888
44890
44892
44894
44896
44898
44900
44902
44904
44906
44908
44910
44912
44914
44916
44918
44920
44922
44924
44926
44928
44930
44932
44934
44936
44938
44940
44942
44944
44946
44948
44950
44952
44954
44956
44958
44960
44962
44964
44966
44968
44970
44972
44974
44976
44978
44980
44982
44984
44986
44988
44990
44992
44994
44996
44998
45000
45002
45004
45006
45008
45010
45012
45014
45016
45018
45020
45022
45024
45026
45028
45030
45032
45034
45036
45038
45040
45042
45044
45046
45048
45050
45052
45054
45056
45058
45060
45062
45064
45066
45068
45070
45072
45074
45076
45078
45080
45082
45084
45086
45088
45090
45092
45094
45096
45098
45100
45102
45104
45106
45108
45110
45112
45114
45116
45118
45120
45122
45124
45126
45128
45130
45132
45134
45136
45138
45140
45142
45144
45146
45148
45150
45152
45154
45156
45158
45160
45162
45164
45166
45168
45170
45172
45174
45176
45178
45180
45182
45184
45186
45188
45190
45192
45194
45196
45198
45200
45202
45204
45206
45208
45210
45212
45214
45216
45218
45220
45222
45224
45226
45228
45230
45232
45234
45236
45238
45240
45242
45244
45246
45248
45250
45252
45254
45256
45258
45260
45262
45264
45266
45268
45270
45272
45274
45276
45278
45280
45282
45284
45286
45288
45290
45292
45294
45296
45298
45300
45302
45304
45306
45308
45310
45312
45314
45316
45318
45320
45322
45324
45326
45328
45330
45332
45334
45336
45338
45340
45342
45344
45346
45348
45350
45352
45354
45356
45358
45360
45362
45364
45366
45368
45370
45372
45374
45376
45378
45380
45382
45384
45386
45388
45390
45392
45394
45396
45398
45400
45402
45404
45406
45408
45410
45412
45414
45416
45418
45420
45422
45424
45426
45428
45430
45432
45434
45436
45438
45440
45442
45444
45446
45448
45450
45452
45454
45456
45458
45460
45462
45464
45466
45468
45470
45472
45474
45476
45478
45480
45482
45484
45486
45488
45490
45492
45494
45496
45498
45500
45502
45504
45506
45508
45510
45512
45514
45516
45518
45520
45522
45524
45526
45528
45530
45532
45534
45536
45538
45540
45542
45544
45546
45548
45550
45552
45554
45556
45558
45560
45562
45564
45566
45568
45570
45572
45574
45576
45578
45580
45582
45584
45586
45588
45590
45592
45594
45596
45598
45600
45602
45604
45606
45608
45610
45612
45614
45616
45618
45620
45622
45624
45626
45628
45630
45632
45634
45636
45638
45640
45642
45644
45646
45648
45650
45652
45654
45656
45658
45660
45662
45664
45666
45668
45670
45672
45674
45676
45678
45680
45682
45684
45686
45688
45690
45692
45694
45696
45698
45700
45702
45704
45706
45708
45710
45712
45714
45716
45718
45720
45722
45724
45726
45728
45730
45732
45734
45736
45738
45740
45742
45744
45746
45748
45750
45752
45754
45756
45758
45760
45762
45764
45766
45768
45770
45772
45774
45776
45778
45780
45782
45784
45786
45788
45790
45792
45794
45796
45798
45800
45802
45804
45806
45808
45810
45812
45814
45816
45818
45820
45822
45824
45826
45828
45830
45832
45834
45836
45838
45840
45842
45844
45846
45848
45850
45852
45854
45856
45858
45860
45862
45864
45866
45868
45870
45872
45874
45876
45878
45880
45882
45884
45886
45888
45890
45892
45894
45896
45898
45900
45902
45904
45906
45908
45910
45912
45914
45916
45918
45920
45922
45924
45926
45928
45930
45932
45934
45936
45938
45940
45942
45944
45946
45948
45950
45952
45954
45956
45958
45960
45962
45964
45966
45968
45970
45972
45974
45976
45978
45980
45982
45984
45986
45988
45990
45992
45994
45996
45998
46000
46002
46004
46006
46008
46010
46012
46014
46016
46018
46020
46022
46024
46026
46028
46030
46032
46034
46036
46038
46040
46042
46044
46046
46048
46050
46052
46054
46056
46058
46060
46062
46064
46066
46068
46070
46072
46074
46076
46078
46080
46082
46084
46086
46088
46090
46092
46094
46096
46098
46100
46102
46104
46106
46108
46110
46112
46114
46116
46118
46120
46122
46124
46126
46128
46130
46132
46134
46136
46138
46140
46142
46144
46146
46148
46150
46152
46154
46156
46158
46160
46162
46164
46166
46168
46170
46172
46174
46176
46178
46180
46182
46184
46186
46188
46190
46192
46194
46196
46198
46200
46202
46204
46206
46208
46210
46212
46214
46216
46218
46220
46222
46224
46226
46228
46230
46232
46234
46236
46238
46240
46242
46244
46246
46248
46250
46252
46254
46256
46258
46260
46262
46264
46266
46268
46270
46272
46274
46276
46278
46280
46282
46284
46286
46288
46290
46292
46294
46296
46298
46300
46302
46304
46306
46308
46310
46312
46314
46316
46318
46320
46322
46324
46326
46328
46330
46332
46334
46336
46338
46340
46342
46344
46346
46348
46350
46352
46354
46356
46358
46360
46362
46364
46366
46368
46370
46372
46374
46376
46378
46380
46382
46384
46386
46388
46390
46392
46394
46396
46398
46400
46402
46404
46406
46408
46410
46412
46414
46416
46418
46420
46422
46424
46426
46428
46430
46432
46434
46436
46438
46440
46442
46444
46446
46448
46450
46452
46454
46456
46458
46460
46462
46464
46466
46468
46470
46472
46474
46476
46478
46480
46482
46484
46486
46488
46490
46492
46494
46496
46498
46500
46502
46504
46506
46508
46510
46512
46514
46516
46518
46520
46522
46524
46526
46528
46530
46532
46534
46536
46538
46540
46542
46544
46546
46548
46550
46552
46554
46556
46558
46560
46562
46564
46566
46568
46570
46572
46574
46576
46578
46580
46582
46584
46586
46588
46590
46592
46594
46596
46598
46600
46602
46604
46606
46608
46610
46612
46614
46616
46618
46620
46622
46624
46626
46628
46630
46632
46634
46636
46638
46640
46642
46644
46646
46648
46650
46652
46654
46656
46658
46660
46662
46664
46666
46668
46670
46672
46674
46676
46678
46680
46682
46684
46686
46688
46690
46692
46694
46696
46698
46700
46702
46704
46706
46708
46710
46712
46714
46716
46718
46720
46722
46724
46726
46728
46730
46732
46734
46736
46738
46740
46742
46744
46746
46748
46750
46752
46754
46756
46758
46760
46762
46764
46766
46768
46770
46772
46774
46776
46778
46780
46782
46784
46786
46788
46790
46792
46794
46796
46798
46800
46802
46804
46806
46808
46810
46812
46814
46816
46818
46820
46822
46824
46826
46828
46830
46832
46834
46836
46838
46840
46842
46844
46846
46848
46850
46852
46854
46856
46858
46860
46862
46864
46866
46868
46870
46872
46874
46876
46878
46880
46882
46884
46886
46888
46890
46892
46894
46896
46898
46900
46902
46904
46906
46908
46910
46912
46914
46916
46918
46920
46922
46924
46926
46928
46930
46932
46934
46936
46938
46940
46942
46944
46946
46948
46950
46952
46954
46956
46958
46960
46962
46964
46966
46968
46970
46972
46974
46976
46978
46980
46982
46984
46986
46988
46990
46992
46994
46996
46998
47000
47002
47004
47006
47008
47010
47012
47014
47016
47018
47020
47022
47024
47026
47028
47030
47032
47034
47036
47038
47040
47042
47044
47046
47048
47050
47052
47054
47056
47058
47060
47062
47064
47066
47068
47070
47072
47074
47076
47078
47080
47082
47084
47086
47088
47090
47092
47094
47096
47098
47100
47102
47104
47106
47108
47110
47112
47114
47116
47118
47120
47122
47124
47126
47128
47130
47132
47134
47136
47138
47140
47142
47144
47146
47148
47150
47152
47154
47156
47158
47160
47162
47164
47166
47168
47170
47172
47174
47176
47178
47180
47182
47184
47186
47188
47190
47192
47194
47196
47198
47200
47202
47204
47206
47208
47210
47212
47214
47216
47218
47220
47222
47224
47226
47228
47230
47232
47234
47236
47238
47240
47242
47244
47246
47248
47250
47252
47254
47256
47258
47260
47262
47264
47266
47268
47270
47272
47274
47276
47278
47280
47282
47284
47286
47288
47290
47292
47294
47296
47298
47300
47302
47304
47306
47308
47310
47312
47314
47316
47318
47320
47322
47324
47326
47328
47330
47332
47334
47336
47338
47340
47342
47344
47346
47348
47350
47352
47354
47356
47358
47360
47362
47364
47366
47368
47370
47372
47374
47376
47378
47380
47382
47384
47386
47388
47390
47392
47394
47396
47398
47400
47402
47404
47406
47408
47410
47412
47414
47416
47418
47420
47422
47424
47426
47428
47430
47432
47434
47436
47438
47440
47442
47444
47446
47448
47450
47452
47454
47456
47458
47460
47462
47464
47466
47468
47470
47472
47474
47476
47478
47480
47482
47484
47486
47488
47490
47492
47494
47496
47498
47500
47502
47504
47506
47508
47510
47512
47514
47516
47518
47520
47522
47524
47526
47528
47530
47532
47534
47536
47538
47540
47542
47544
47546
47548
47550
47552
47554
47556
47558
47560
47562
47564
47566
47568
47570
47572
47574
47576
47578
47580
47582
47584
47586
47588
47590
47592
47594
47596
47598
47600
47602
47604
47606
47608
47610
47612
47614
47616
47618
47620
47622
47624
47626
47628
47630
47632
47634
47636
47638
47640
47642
47644
47646
47648
47650
47652
47654
47656
47658
47660
47662
47664
47666
47668
47670
47672
47674
47676
47678
47680
47682
47684
47686
47688
47690
47692
47694
47696
47698
47700
47702
47704
47706
47708
47710
47712
47714
47716
47718
47720
47722
47724
47726
47728
47730
47732
47734
47736
47738
47740
47742
47744
47746
47748
47750
47752
47754
47756
47758
47760
47762
47764
47766
47768
47770
47772
47774
47776
47778
47780
47782
47784
47786
47788
47790
47792
47794
47796
47798
47800
47802
47804
47806
47808
47810
47812
47814
47816
47818
47820
47822
47824
47826
47828
47830
47832
47834
47836
47838
47840
47842
47844
47846
47848
47850
47852
47854
47856
47858
47860
47862
47864
47866
47868
47870
47872
47874
47876
47878
47880
47882
47884
47886
47888
47890
47892
47894
47896
47898
47900
47902
47904
47906
47908
47910
47912
47914
47916
47918
47920
47922
47924
47926
47928
47930
47932
47934
47936
47938
47940
47942
47944
47946
47948
47950
47952
47954
47956
47958
47960
47962
47964
47966
47968
47970
47972
47974
47976
47978
47980
47982
47984
47986
47988
47990
47992
47994
47996
47998
48000
48002
48004
48006
48008
48010
48012
48014
48016
48018
48020
48022
48024
48026
48028
48030
48032
48034
48036
48038
48040
48042
48044
48046
48048
48050
48052
48054
48056
48058
48060
48062
48064
48066
48068
48070
48072
48074
48076
48078
48080
48082
48084
48086
48088
48090
48092
48094
48096
48098
48100
48102
48104
48106
48108
48110
48112
48114
48116
48118
48120
48122
48124
48126
48128
48130
48132
48134
48136
48138
48140
48142
48144
48146
48148
48150
48152
48154
48156
48158
48160
48162
48164
48166
48168
48170
48172
48174
48176
48178
48180
48182
48184
48186
48188
48190
48192
48194
48196
48198
48200
48202
48204
48206
48208
48210
48212
48214
48216
48218
48220
48222
48224
48226
48228
48230
48232
48234
48236
48238
48240
48242
48244
48246
48248
48250
48252
48254
48256
48258
48260
48262
48264
48266
48268
48270
48272
48274
48276
48278
48280
48282
48284
48286
48288
48290
48292
48294
48296
48298
48300
48302
48304
48306
48308
48310
48312
48314
48316
48318
48320
48322
48324
48326
48328
48330
48332
48334
48336
48338
48340
48342
48344
48346
48348
48350
48352
48354
48356
48358
48360
48362
48364
48366
48368
48370
48372
48374
48376
48378
48380
48382
48384
48386
48388
48390
48392
48394
48396
48398
48400
48402
48404
48406
48408
48410
48412
48414
48416
48418
48420
48422
48424
48426
48428
48430
48432
48434
48436
48438
48440
48442
48444
48446
48448
48450
48452
48454
48456
48458
48460
48462
48464
48466
48468
48470
48472
48474
48476
48478
48480
48482
48484
48486
48488
48490
48492
48494
48496
48498
48500
48502
48504
48506
48508
48510
48512
48514
48516
48518
48520
48522
48524
48526
48528
48530
48532
48534
48536
48538
48540
48542
48544
48546
48548
48550
48552
48554
48556
48558
48560
48562
48564
48566
48568
48570
48572
48574
48576
48578
48580
48582
48584
48586
48588
48590
48592
48594
48596
48598
48600
48602
48604
48606
48608
48610
48612
48614
48616
48618
48620
48622
48624
48626
48628
48630
48632
48634
48636
48638
48640
48642
48644
48646
48648
48650
48652
48654
48656
48658
48660
48662
48664
48666
48668
48670
48672
48674
48676
48678
48680
48682
48684
48686
48688
48690
48692
48694
48696
48698
48700
48702
48704
48706
48708
48710
48712
48714
48716
48718
48720
48722
48724
48726
48728
48730
48732
48734
48736
48738
48740
48742
48744
48746
48748
48750
48752
48754
48756
48758
48760
48762
48764
48766
48768
48770
48772
48774
48776
48778
48780
48782
48784
48786
48788
48790
48792
48794
48796
48798
48800
48802
48804
48806
48808
48810
48812
48814
48816
48818
48820
48822
48824
48826
48828
48830
48832
48834
48836
48838
48840
48842
48844
48846
48848
48850
48852
48854
48856
48858
48860
48862
48864
48866
48868
48870
48872
48874
48876
48878
48880
48882
48884
48886
48888
48890
48892
48894
48896
48898
48900
48902
48904
48906
48908
48910
48912
48914
48916
48918
48920
48922
48924
48926
48928
48930
48932
48934
48936
48938
48940
48942
48944
48946
48948
48950
48952
48954
48956
48958
48960
48962
48964
48966
48968
48970
48972
48974
48976
48978
48980
48982
48984
48986
48988
48990
48992
48994
48996
48998
49000
49002
49004
49006
49008
49010
49012
49014
49016
49018
49020
49022
49024
49026
49028
49030
49032
49034
49036
49038
49040
49042
49044
49046
49048
49050
49052
49054
49056
49058
49060
49062
49064
49066
49068
49070
49072
49074
49076
49078
49080
49082
49084
49086
49088
49090
49092
49094
49096
49098
49100
49102
49104
49106
49108
49110
49112
49114
49116
49118
49120
49122
49124
49126
49128
49130
49132
49134
49136
49138
49140
49142
49144
49146
49148
49150
49152
49154
49156
49158
49160
49162
49164
49166
49168
49170
49172
49174
49176
49178
49180
49182
49184
49186
49188
49190
49192
49194
49196
49198
49200
49202
49204
49206
49208
49210
49212
49214
49216
49218
49220
49222
49224
49226
49228
49230
49232
49234
49236
49238
49240
49242
49244
49246
49248
49250
49252
49254
49256
49258
49260
49262
49264
49266
49268
49270
49272
49274
49276
49278
49280
49282
49284
49286
49288
49290
49292
49294
49296
49298
49300
49302
49304
49306
49308
49310
49312
49314
49316
49318
49320
49322
49324
49326
49328
49330
49332
49334
49336
49338
49340
49342
49344
49346
49348
49350
49352
49354
49356
49358
49360
49362
49364
49366
49368
49370
49372
49374
49376
49378
49380
49382
49384
49386
49388
49390
49392
49394
49396
49398
49400
49402
49404
49406
49408
49410
49412
49414
49416
49418
49420
49422
49424
49426
49428
49430
49432
49434
49436
49438
49440
49442
49444
49446
49448
49450
49452
49454
49456
49458
49460
49462
49464
49466
49468
49470
49472
49474
49476
49478
49480
49482
49484
49486
49488
49490
49492
49494
49496
49498
49500
49502
49504
49506
49508
49510
49512
49514
49516
49518
49520
49522
49524
49526
49528
49530
49532
49534
49536
49538
49540
49542
49544
49546
49548
49550
49552
49554
49556
49558
49560
49562
49564
49566
49568
49570
49572
49574
49576
49578
49580
49582
49584
49586
49588
49590
49592
49594
49596
49598
49600
49602
49604
49606
49608
49610
49612
49614
49616
49618
49620
49622
49624
49626
49628
49630
49632
49634
49636
49638
49640
49642
49644
49646
49648
49650
49652
49654
49656
49658
49660
49662
49664
49666
49668
49670
49672
49674
49676
49678
49680
49682
49684
49686
49688
49690
49692
49694
49696
49698
49700
49702
49704
49706
49708
49710
49712
49714
49716
49718
49720
49722
49724
49726
49728
49730
49732
49734
49736
49738
49740
49742
49744
49746
49748
49750
49752
49754
49756
49758
49760
49762
49764
49766
49768
49770
49772
49774
49776
49778
49780
49782
49784
49786
49788
49790
49792
49794
49796
49798
49800
49802
49804
49806
49808
49810
49812
49814
49816
49818
49820
49822
49824
49826
49828
49830
49832
49834
49836
49838
49840
49842
49844
49846
49848
49850
49852
49854
49856
49858
49860
49862
49864
49866
49868
49870
49872
49874
49876
49878
49880
49882
49884
49886
49888
49890
49892
49894
49896
49898
49900
49902
49904
49906
49908
49910
49912
49914
49916
49918
49920
49922
49924
49926
49928
49930
49932
49934
49936
49938
49940
49942
49944
49946
49948
49950
49952
49954
49956
49958
49960
49962
49964
49966
49968
49970
49972
49974
49976
49978
49980
49982
49984
49986
49988
49990
49992
49994
49996
49998
50000
50002
50004
50006
50008
50010
50012
50014
50016
50018
50020
50022
50024
50026
50028
50030
50032
50034
50036
50038
50040
50042
50044
50046
50048
50050
50052
50054
50056
50058
50060
50062
50064
50066
50068
50070
50072
50074
50076
50078
50080
50082
50084
50086
50088
50090
50092
50094
50096
50098
50100
50102
50104
50106
50108
50110
50112
50114
50116
50118
50120
50122
50124
50126
50128
50130
50132
50134
50136
50138
50140
50142
50144
50146
50148
50150
50152
50154
50156
50158
50160
50162
50164
50166
50168
50170
50172
50174
50176
50178
50180
50182
50184
50186
50188
50190
50192
50194
50196
50198
50200
50202
50204
50206
50208
50210
50212
50214
50216
50218
50220
50222
50224
50226
50228
50230
50232
50234
50236
50238
50240
50242
50244
50246
50248
50250
50252
50254
50256
50258
50260
50262
50264
50266
50268
50270
50272
50274
50276
50278
50280
50282
50284
50286
50288
50290
50292
50294
50296
50298
50300
50302
50304
50306
50308
50310
50312
50314
50316
50318
50320
50322
50324
50326
50328
50330
50332
50334
50336
50338
50340
50342
50344
50346
50348
50350
50352
50354
50356
50358
50360
50362
50364
50366
50368
50370
50372
50374
50376
50378
50380
50382
50384
50386
50388
50390
50392
50394
50396
50398
50400
50402
50404
50406
50408
50410
50412
50414
50416
50418
50420
50422
50424
50426
50428
50430
50432
50434
50436
50438
50440
50442
50444
50446
50448
50450
50452
50454
50456
50458
50460
50462
50464
50466
50468
50470
50472
50474
50476
50478
50480
50482
50484
50486
50488
50490
50492
50494
50496
50498
50500
50502
50504
50506
50508
50510
50512
50514
50516
50518
50520
50522
50524
50526
50528
50530
50532
50534
50536
50538
50540
50542
50544
50546
50548
50550
50552
50554
50556
50558
50560
50562
50564
50566
50568
50570
50572
50574
50576
50578
50580
50582
50584
50586
50588
50590
50592
50594
50596
50598
50600
50602
50604
50606
50608
50610
50612
50614
50616
50618
50620
50622
50624
50626
50628
50630
50632
50634
50636
50638
50640
50642
50644
50646
50648
50650
50652
50654
50656
50658
50660
50662
50664
50666
50668
50670
50672
50674
50676
50678
50680
50682
50684
50686
50688
50690
50692
50694
50696
50698
50700
50702
50704
50706
50708
50710
50712
50714
50716
50718
50720
50722
50724
50726
50728
50730
50732
50734
50736
50738
50740
50742
50744
50746
50748
50750
50752
50754
50756
50758
50760
50762
50764
50766
50768
50770
50772
50774
50776
50778
50780
50782
50784
50786
50788
50790
50792
50794
50796
50798
50800
50802
50804
50806
50808
50810
50812
50814
50816
50818
50820
50822
50824
50826
50828
50830
50832
50834
50836
50838
50840
50842
50844
50846
50848
50850
50852
50854
50856
50858
50860
50862
50864
50866
50868
50870
50872
50874
50876
50878
50880
50882
50884
50886
50888
50890
50892
50894
50896
50898
50900
50902
50904
50906
50908
50910
50912
50914
50916
50918
50920
50922
50924
50926
50928
50930
50932
50934
50936
50938
50940
50942
50944
50946
50948
50950
50952
50954
50956
50958
50960
50962
50964
50966
50968
50970
50972
50974
50976
50978
50980
50982
50984
50986
50988
50990
50992
50994
50996
50998
51000
51002
51004
51006
51008
51010
51012
51014
51016
51018
51020
51022
51024
51026
51028
51030
51032
51034
51036
51038
51040
51042
51044
51046
51048
51050
51052
51054
51056
51058
51060
51062
51064
51066
51068
51070
51072
51074
51076
51078
51080
51082
51084
51086
51088
51090
51092
51094
51096
51098
51100
51102
51104
51106
51108
51110
51112
51114
51116
51118
51120
51122
51124
51126
51128
51130
51132
51134
51136
51138
51140
51142
51144
51146
51148
51150
51152
51154
51156
51158
51160
51162
51164
51166
51168
51170
51172
51174
51176
51178
51180
51182
51184
51186
51188
51190
51192
51194
51196
51198
51200
51202
51204
51206
51208
51210
51212
51214
51216
51218
51220
51222
51224
51226
51228
51230
51232
51234
51236
51238
51240
51242
51244
51246
51248
51250
51252
51254
51256
51258
51260
51262
51264
51266
51268
51270
51272
51274
51276
51278
51280
51282
51284
51286
51288
51290
51292
51294
51296
51298
51300
51302
51304
51306
51308
51310
51312
51314
51316
51318
51320
51322
51324
51326
51328
51330
51332
51334
51336
51338
51340
51342
51344
51346
51348
51350
51352
51354
51356
51358
51360
51362
51364
51366
51368
51370
51372
51374
51376
51378
51380
51382
51384
51386
51388
51390
51392
51394
51396
51398
51400
51402
51404
51406
51408
51410
51412
51414
51416
51418
51420
51422
51424
51426
51428
51430
51432
51434
51436
51438
51440
51442
51444
51446
51448
51450
51452
51454
51456
51458
51460
51462
51464
51466
51468
51470
51472
51474
51476
51478
51480
51482
51484
51486
51488
51490
51492
51494
51496
51498
51500
51502
51504
51506
51508
51510
51512
51514
51516
51518
51520
51522
51524
51526
51528
51530
51532
51534
51536
51538
51540
51542
51544
51546
51548
51550
51552
51554
51556
51558
51560
51562
51564
51566
51568
51570
51572
51574
51576
51578
51580
51582
51584
51586
51588
51590
51592
51594
51596
51598
51600
51602
51604
51606
51608
51610
51612
51614
51616
51618
51620
51622
51624
51626
51628
51630
51632
51634
51636
51638
51640
51642
51644
51646
51648
51650
51652
51654
51656
51658
51660
51662
51664
51666
51668
51670
51672
51674
51676
51678
51680
51682
51684
51686
51688
51690
51692
51694
51696
51698
51700
51702
51704
51706
51708
51710
51712
51714
51716
51718
51720
51722
51724
51726
51728
51730
51732
51734
51736
51738
51740
51742
51744
51746
51748
51750
51752
51754
51756
51758
51760
51762
51764
51766
51768
51770
51772
51774
51776
51778
51780
51782
51784
51786
51788
51790
51792
51794
51796
51798
51800
51802
51804
51806
51808
51810
51812
51814
51816
51818
51820
51822
51824
51826
51828
51830
51832
51834
51836
51838
51840
51842
51844
51846
51848
51850
51852
51854
51856
51858
51860
51862
51864
51866
51868
51870
51872
51874
51876
51878
51880
51882
51884
51886
51888
51890
51892
51894
51896
51898
51900
51902
51904
51906
51908
51910
51912
51914
51916
51918
51920
51922
51924
51926
51928
51930
51932
51934
51936
51938
51940
51942
51944
51946
51948
51950
51952
51954
51956
51958
51960
51962
51964
51966
51968
51970
51972
51974
51976
51978
51980
51982
51984
51986
51988
51990
51992
51994
51996
51998
52000
52002
52004
52006
52008
52010
52012
52014
52016
52018
52020
52022
52024
52026
52028
52030
52032
52034
52036
52038
52040
52042
52044
52046
52048
52050
52052
52054
52056
52058
52060
52062
52064
52066
52068
52070
52072
52074
52076
52078
52080
52082
52084
52086
52088
52090
52092
52094
52096
52098
52100
52102
52104
52106
52108
52110
52112
52114
52116
52118
52120
52122
52124
52126
52128
52130
52132
52134
52136
52138
52140
52142
52144
52146
52148
52150
52152
52154
52156
52158
52160
52162
52164
52166
52168
52170
52172
52174
52176
52178
52180
52182
52184
52186
52188
52190
52192
52194
52196
52198
52200
52202
52204
52206
52208
52210
52212
52214
52216
52218
52220
52222
52224
52226
52228
52230
52232
52234
52236
52238
52240
52242
52244
52246
52248
52250
52252
52254
52256
52258
52260
52262
52264
52266
52268
52270
52272
52274
52276
52278
52280
52282
52284
52286
52288
52290
52292
52294
52296
52298
52300
52302
52304
52306
52308
52310
52312
52314
52316
52318
52320
52322
52324
52326
52328
52330
52332
52334
52336
52338
52340
52342
52344
52346
52348
52350
52352
52354
52356
52358
52360
52362
52364
52366
52368
52370
52372
52374
52376
52378
52380
52382
52384
52386
52388
52390
52392
52394
52396
52398
52400
52402
52404
52406
52408
52410
52412
52414
52416
52418
52420
52422
52424
52426
52428
52430
52432
52434
52436
52438
52440
52442
52444
52446
52448
52450
52452
52454
52456
52458
52460
52462
52464
52466
52468
52470
52472
52474
52476
52478
52480
52482
52484
52486
52488
52490
52492
52494
52496
52498
52500
52502
52504
52506
52508
52510
52512
52514
52516
52518
52520
52522
52524
52526
52528
52530
52532
52534
52536
52538
52540
52542
52544
52546
52548
52550
52552
52554
52556
52558
52560
52562
52564
52566
52568
52570
52572
52574
52576
52578
52580
52582
52584
52586
52588
52590
52592
52594
52596
52598
52600
52602
52604
52606
52608
52610
52612
52614
52616
52618
52620
52622
52624
52626
52628
52630
52632
52634
52636
52638
52640
52642
52644
52646
52648
52650
52652
52654
52656
52658
52660
52662
52664
52666
52668
52670
52672
52674
52676
52678
52680
52682
52684
52686
52688
52690
52692
52694
52696
52698
52700
52702
52704
52706
52708
52710
52712
52714
52716
52718
52720
52722
52724
52726
52728
52730
52732
52734
52736
52738
52740
52742
52744
52746
52748
52750
52752
52754
52756
52758
52760
52762
52764
52766
52768
52770
52772
52774
52776
52778
52780
52782
52784
52786
52788
52790
52792
52794
52796
52798
52800
52802
52804
52806
52808
52810
52812
52814
52816
52818
52820
52822
52824
52826
52828
52830
52832
52834
52836
52838
52840
52842
52844
52846
52848
52850
52852
52854
52856
52858
52860
52862
52864
52866
52868
52870
52872
52874
52876
52878
52880
52882
52884
52886
52888
52890
52892
52894
52896
52898
52900
52902
52904
52906
52908
52910
52912
52914
52916
52918
52920
52922
52924
52926
52928
52930
52932
52934
52936
52938
52940
52942
52944
52946
52948
52950
52952
52954
52956
52958
52960
52962
52964
52966
52968
52970
52972
52974
52976
52978
52980
52982
52984
52986
52988
52990
52992
52994
52996
52998
53000
53002
53004
53006
53008
53010
53012
53014
53016
53018
53020
53022
53024
53026
53028
53030
53032
53034
53036
53038
53040
53042
53044
53046
53048
53050
53052
53054
53056
53058
53060
53062
53064
53066
53068
53070
53072
53074
53076
53078
53080
53082
53084
53086
53088
53090
53092
53094
53096
53098
53100
53102
53104
53106
53108
53110
53112
53114
53116
53118
53120
53122
53124
53126
53128
53130
53132
53134
53136
53138
53140
53142
53144
53146
53148
53150
53152
53154
53156
53158
53160
53162
53164
53166
53168
53170
53172
53174
53176
53178
53180
53182
53184
53186
53188
53190
53192
53194
53196
53198
53200
53202
53204
53206
53208
53210
53212
53214
53216
53218
53220
53222
53224
53226
53228
53230
53232
53234
53236
53238
53240
53242
53244
53246
53248
53250
53252
53254
53256
53258
53260
53262
53264
53266
53268
53270
53272
53274
53276
53278
53280
53282
53284
53286
53288
53290
53292
53294
53296
53298
53300
53302
53304
53306
53308
53310
53312
53314
53316
53318
53320
53322
53324
53326
53328
53330
53332
53334
53336
53338
53340
53342
53344
53346
53348
53350
53352
53354
53356
53358
53360
53362
53364
53366
53368
53370
53372
53374
53376
53378
53380
53382
53384
53386
53388
53390
53392
53394
53396
53398
53400
53402
53404
53406
53408
53410
53412
53414
53416
53418
53420
53422
53424
53426
53428
53430
53432
53434
53436
53438
53440
53442
53444
53446
53448
53450
53452
53454
53456
53458
53460
53462
53464
53466
53468
53470
53472
53474
53476
53478
53480
53482
53484
53486
53488
53490
53492
53494
53496
53498
53500
53502
53504
53506
53508
53510
53512
53514
53516
53518
53520
53522
53524
53526
53528
53530
53532
53534
53536
53538
53540
53542
53544
53546
53548
53550
53552
53554
53556
53558
53560
53562
53564
53566
53568
53570
53572
53574
53576
53578
53580
53582
53584
53586
53588
53590
53592
53594
53596
53598
53600
53602
53604
53606
53608
53610
