c 60541 vertices
c 74220 edges
c 48418 edges after de-duplication
s vc 60541 12190
2
4
6
8
10
12
14
16
18
20
22
24
26
28
30
32
34
36
38
40
42
44
46
48
50
52
54
56
58
60
62
64
66
68
70
72
74
76
78
80
82
84
86
88
90
92
94
96
98
100
102
104
106
108
110
112
114
116
118
120
122
124
126
128
130
132
134
136
138
140
142
144
146
148
150
152
154
156
158
160
162
164
166
168
170
172
174
176
178
180
182
184
186
188
190
192
194
196
198
200
202
204
206
208
210
212
214
216
218
220
222
224
226
228
229
13227
13229
13231
13233
13235
13237
13239
13241
13243
13245
13247
13249
13251
13253
13255
13257
13259
13261
13263
13265
13267
13269
13271
13273
13275
13277
13279
13281
13283
13285
13287
13289
13291
13293
13295
13297
13299
13301
13303
13305
13307
13309
13311
13313
13315
13317
13319
13321
13323
13325
13327
13329
13331
13333
13335
13337
13339
13341
13343
13345
13347
13349
13351
13353
13355
13357
13359
13361
13363
13365
13367
13369
13371
13373
13375
13377
13379
13381
13383
13385
13387
13389
13391
13393
13395
13397
13399
13401
13403
13405
13407
13409
13411
13413
13415
13417
13419
13421
13423
13425
13427
13429
13431
13433
13435
13438
13440
13442
13444
13446
13448
13450
13452
13454
13456
13458
13460
13462
13464
13466
13468
13470
13472
13474
13476
13478
13480
13482
13484
13486
13488
13490
13492
13494
13496
13498
13500
13502
13504
13506
13508
13510
13512
13514
13516
13518
13520
13522
13524
13526
13528
13530
13532
13534
13536
13538
13540
13542
13544
13546
13548
13550
13552
13554
13556
13558
13560
13562
13564
13566
13568
13570
13572
13574
13576
13578
13580
13582
13584
13586
13588
13590
13592
13594
13596
13598
13600
13602
13604
13606
13608
13610
13612
13614
13616
13618
13620
13622
13624
13626
13628
13630
13632
13634
13636
13638
13640
13642
13644
13646
13648
13650
13652
13654
13656
13658
13660
13662
13664
13666
13668
13670
13672
13674
13676
13678
13680
13682
13684
13686
13688
13690
13692
13694
13696
13698
13700
13702
13704
13706
13708
13710
13712
13714
13716
13718
13720
13722
13724
13726
13728
13730
13732
13734
13736
13738
13740
13742
13744
13746
13748
13750
13752
13754
13756
13758
13760
13762
13764
13766
13768
13770
13772
13774
13776
13778
13780
13782
13784
13786
13788
13790
13792
13794
13796
13798
13800
13802
13804
13806
13808
13810
13812
13814
13816
13818
13820
13822
13824
13826
13828
13830
13832
13834
13836
13838
13840
13842
13844
13846
13848
13850
13852
13854
13856
13858
13860
13862
13864
13866
13868
13870
13872
13874
13876
13878
13880
13882
13884
13886
13888
13890
13892
13894
13896
13898
13900
13902
13904
13906
13908
13910
13912
13914
13916
13918
13920
13922
13924
13926
13928
13930
13932
13934
13936
13938
13940
13942
13944
13946
13948
13950
13952
13954
13956
13958
13960
13962
13964
13966
13968
13970
13972
13974
13976
13978
13980
13982
13984
13986
13988
13990
13992
13994
13996
13998
14000
14002
14004
14006
14008
14010
14012
14014
14016
14018
14020
14022
14024
14026
14028
14030
14032
14034
14036
14038
14040
14042
14044
14046
14048
14050
14052
14054
14056
14058
14060
14062
14064
14066
14068
14070
14072
14074
14076
14078
14080
14082
14084
14086
14088
14090
14092
14094
14096
14098
14100
14102
14104
14106
14108
14110
14112
14114
14116
14118
14120
14122
14124
14126
14128
14130
14132
14134
14136
14138
14140
14142
14144
14146
14148
14150
14152
14154
14156
14158
14160
14162
14164
14166
14168
14170
14172
14174
14176
14178
14180
14182
14184
14186
14188
14190
14192
14194
14196
14198
14200
14202
14204
14206
14208
14210
14212
14214
14216
14218
14220
14222
14224
14226
14228
14230
14232
14234
14236
14238
14240
14242
14244
14246
14248
14250
14252
14254
14256
14258
14260
14262
14264
14266
14268
14270
14272
14274
14276
14278
14280
14282
14284
14286
14288
14290
14292
14294
14296
14298
14300
14302
14304
14306
14308
14310
14312
14314
14316
14318
14320
14322
14324
14326
14328
14330
14332
14334
14336
14338
14340
14342
14344
14346
14348
14350
14352
14354
14356
14358
14360
14362
14364
14366
14368
14370
14372
14374
14376
14378
14380
14382
14384
14386
14388
14390
14392
14394
14396
14398
14400
14402
14404
14406
14408
14410
14412
14414
14416
14418
14420
14422
14424
14426
14428
14430
14432
14434
14436
14438
14440
14442
14444
14446
14448
14450
14452
14454
14456
14458
14460
14462
14464
14466
14468
14470
14472
14474
14476
14478
14480
14482
14484
14486
14488
14490
14492
14494
14496
14498
14500
14502
14504
14506
14508
14510
14512
14514
14516
14518
14520
14522
14524
14526
14528
14530
14532
14534
14536
14538
14540
14542
14544
14546
14548
14550
14552
14554
14556
14558
14560
14562
14564
14566
14568
14570
14572
14574
14576
14578
14580
14582
14584
14586
14588
14590
14592
14594
14596
14598
14600
14602
14604
14606
14608
14610
14612
14614
14616
14618
14620
14622
14624
14626
14628
14630
14632
14634
14636
14638
14640
14642
14644
14646
14648
14650
14652
14654
14656
14658
14660
14662
14664
14666
14668
14670
14672
14674
14676
14678
14680
14682
14684
14686
14688
14690
14692
14694
14696
14698
14700
14702
14704
14706
14708
14710
14712
14714
14716
14718
14720
14722
14724
14726
14728
14730
14732
14734
14736
14738
14740
14742
14744
14746
14748
14750
14752
14754
14756
14758
14760
14762
14764
14766
14768
14770
14772
14774
14776
14778
14780
14782
14784
14786
14788
14790
14792
14794
14796
14798
14800
14802
14804
14806
14808
14810
14812
14814
14816
14818
14820
14822
14824
14826
14828
14830
14832
14834
14836
14838
14840
14842
14844
14846
14848
14850
14852
14854
14856
14858
14860
14862
14864
14866
14868
14870
14872
14874
14876
14878
14880
14882
14884
14886
14888
14890
14892
14894
14896
14898
14900
14902
14904
14906
14908
14910
14912
14914
14916
14918
14920
14922
14924
14926
14928
14930
14932
14934
14936
14938
14940
14942
14944
14946
14948
14950
14952
14954
14956
14958
14960
14962
14964
14966
14968
14970
14972
14974
14976
14978
14980
14982
14984
14986
14988
14990
14992
14994
14996
14998
15000
15002
15004
15006
15008
15010
15012
15014
15016
15018
15020
15022
15024
15026
15028
15030
15032
15034
15036
15038
15040
15042
15044
15046
15048
15050
15052
15054
15056
15058
15060
15062
15064
15066
15068
15070
15072
15074
15076
15078
15080
15082
15084
15086
15088
15090
15092
15094
15096
15098
15100
15102
15104
15106
15108
15110
15112
15114
15116
15118
15120
15122
15124
15126
15128
15130
15132
15134
15136
15138
15140
15142
15144
15146
15148
15150
15152
15154
15156
15158
15160
15162
15164
15166
15168
15170
15172
15174
15176
15178
15180
15182
15184
15186
15188
15190
15192
15194
15196
15198
15200
15202
15204
15206
15208
15210
15212
15214
15216
15218
15220
15222
15224
15226
15228
15230
15232
15234
15236
15238
15240
15242
15244
15246
15248
15250
15252
15254
15256
15258
15260
15262
15264
15266
15268
15270
15272
15274
15276
15278
15280
15282
15284
15286
15288
15290
15292
15294
15296
15298
15300
15302
15304
15306
15308
15310
15312
15314
15316
15318
15320
15322
15324
15326
15328
15330
15332
15334
15336
15338
15340
15342
15344
15346
15348
15350
15352
15354
15356
15358
15360
15362
15364
15366
15368
15370
15372
15374
15376
15378
15380
15382
15384
15386
15388
15390
15392
15394
15396
15398
15400
15402
15404
15406
15408
15410
15412
15414
15416
15418
15420
15422
15424
15426
15428
15430
15432
15434
15436
15438
15440
15442
15444
15446
15448
15450
15452
15454
15456
15458
15460
15462
15464
15466
15468
15470
15472
15474
15476
15478
15480
15482
15484
15486
15488
15490
15492
15494
15496
15498
15500
15502
15504
15506
15508
15510
15512
15514
15516
15518
15520
15522
15524
15526
15528
15530
15532
15534
15536
15538
15540
15542
15544
15546
15548
15550
15552
15554
15556
15558
15560
15562
15564
15566
15568
15570
15572
15574
15576
15578
15580
15582
15584
15586
15588
15590
15592
15594
15596
15598
15600
15602
15604
15606
15608
15610
15612
15614
15616
15618
15620
15622
15624
15626
15628
15630
15632
15634
15636
15638
15640
15642
15644
15646
15648
15650
15652
15654
15656
15658
15660
15662
15664
15666
15668
15670
15672
15674
15676
15678
15680
15682
15684
15686
15688
15690
15692
15694
15696
15698
15700
15702
15704
15706
15708
15710
15712
15714
15716
15718
15720
15722
15724
15726
15728
15730
15732
15734
15736
15738
15740
15742
15744
15746
15748
15750
15752
15754
15756
15758
15760
15762
15764
15766
15768
15770
15772
15774
15776
15778
15780
15782
15784
15786
15788
15790
15792
15794
15796
15798
15800
15802
15804
15806
15808
15810
15812
15814
15816
15818
15820
15822
15824
15826
15828
15830
15832
15834
15836
15838
15840
15842
15844
15846
15848
15850
15852
15854
15856
15858
15860
15862
15864
15866
15868
15870
15872
15874
15876
15878
15880
15882
15884
15886
15888
15890
15892
15894
15896
15898
15900
15902
15904
15906
15908
15910
15912
15914
15916
15918
15920
15922
15924
15926
15928
15930
15932
15934
15936
15938
15940
15942
15944
15946
15948
15950
15952
15954
15956
15958
15960
15962
15964
15966
15968
15970
15972
15974
15976
15978
15980
15982
15984
15986
15988
15990
15992
15994
15996
15998
16000
16002
16004
16006
16008
16010
16012
16014
16016
16018
16020
16022
16024
16026
16028
16030
16032
16034
16036
16038
16040
16042
16044
16046
16048
16050
16052
16054
16056
16058
16060
16062
16064
16066
16068
16070
16072
16074
16076
16078
16080
16082
16084
16086
16088
16090
16092
16094
16096
16098
16100
16102
16104
16106
16108
16110
16112
16114
16116
16118
16120
16122
16124
16126
16128
16130
16132
16134
16136
16138
16140
16142
16144
16146
16148
16150
16152
16154
16156
16158
16160
16162
16164
16166
16168
16170
16172
16174
16176
16178
16180
16182
16184
16186
16188
16190
16192
16194
16196
16198
16200
16202
16204
16206
16208
16210
16212
16214
16216
16218
16220
16222
16224
16226
16228
16230
16232
16234
16236
16238
16240
16242
16244
16246
16248
16250
16252
16254
16256
16258
16260
16262
16264
16266
16268
16270
16272
16274
16276
16278
16280
16282
16284
16286
16288
16290
16292
16294
16296
16298
16300
16302
16304
16306
16308
16310
16312
16314
16316
16318
16320
16322
16324
16326
16328
16330
16332
16334
16336
16338
16340
16342
16344
16346
16348
16350
16352
16354
16356
16358
16360
16362
16364
16366
16368
16370
16372
16374
16376
16378
16380
16382
16384
16386
16388
16390
16392
16394
16396
16398
16400
16402
16404
16406
16408
16410
16412
16414
16416
16418
16420
16422
16424
16426
16428
16430
16432
16434
16436
16438
16440
16442
16444
16446
16448
16450
16452
16454
16456
16458
16460
16462
16464
16466
16468
16470
16472
16474
16476
16478
16480
16482
16484
16486
16488
16490
16492
16494
16496
16498
16500
16502
16504
16506
16508
16510
16512
16514
16516
16518
16520
16522
16524
16526
16528
16530
16532
16534
16536
16538
16540
16542
16544
16546
16548
16550
16552
16554
16556
16558
16560
16562
16564
16566
16568
16570
16572
16574
16576
16578
16580
16582
16584
16586
16588
16590
16592
16594
16596
16598
16600
16602
16604
16606
16608
16610
16612
16614
16616
16618
16620
16622
16624
16626
16628
16630
16632
16634
16636
16638
16640
16642
16644
16646
16648
16650
16652
16654
16656
16658
16660
16662
16664
16666
16668
16670
16672
16674
16676
16678
16680
16682
16684
16686
16688
16690
16692
16694
16696
16698
16700
16702
16704
16706
16708
16710
16712
16714
16716
16718
16720
16722
16724
16726
16728
16730
16732
16734
16736
16738
16740
16742
16744
16746
16748
16750
16752
16754
16756
16758
16760
16762
16764
16766
16768
16770
16772
16774
16776
16778
16780
16782
16784
16786
16788
16790
16792
16794
16796
16798
16800
16802
16804
16806
16808
16810
16812
16814
16816
16818
16820
16822
16824
16826
16828
16830
16832
16834
16836
16838
16840
16842
16844
16846
16848
16850
16852
16854
16856
16858
16860
16862
16864
16866
16868
16870
16872
16874
16876
16878
16880
16882
16884
16886
16888
16890
16892
16894
16896
16898
16900
16902
16904
16906
16908
16910
16912
16914
16916
16918
16920
16922
16924
16926
16928
16930
16932
16934
16936
16938
16940
16942
16944
16946
16948
16950
16952
16954
16956
16958
16960
16962
16964
16966
16968
16970
16972
16974
16976
16978
16980
16982
16984
16986
16988
16990
16992
16994
16996
16998
17000
17002
17004
17006
17008
17010
17012
17014
17016
17018
17020
17022
17024
17026
17028
17030
17032
17034
17036
17038
17040
17042
17044
17046
17048
17050
17052
17054
17056
17058
17060
17062
17064
17066
17068
17070
17072
17074
17076
17078
17080
17082
17084
17086
17088
17090
17092
17094
17096
17098
17100
17102
17104
17106
17108
17110
17112
17114
17116
17118
17120
17122
17124
17126
17128
17130
17132
17134
17136
17138
17140
17142
17144
17146
17148
17150
17152
17154
17156
17158
17160
17162
17164
17166
17168
17170
17172
17174
17176
17178
17180
17182
17184
17186
17188
17190
17192
17194
17196
17198
17200
17202
17204
17206
17208
17210
17212
17214
17216
17218
17220
17222
17224
17226
17228
17230
17232
17234
17236
17238
17240
17242
17244
17246
17248
17250
17252
17254
17256
17258
17260
17262
17264
17266
17268
17270
17272
17274
17276
17278
17280
17282
17284
17286
17288
17290
17292
17294
17296
17298
17300
17302
17304
17306
17308
17310
17312
17314
17316
17318
17320
17322
17324
17326
17328
17330
17332
17334
17336
17338
17340
17342
17344
17346
17348
17350
17352
17354
17356
17358
17360
17362
17364
17366
17368
17370
17372
17374
17376
17378
17380
17382
17384
17386
17388
17390
17392
17394
17396
17398
17400
17402
17404
17406
17408
17410
17412
17414
17416
17418
17420
17422
17424
17426
17428
17430
17432
17434
17436
17438
17440
17442
17444
17446
17448
17450
17452
17454
17456
17458
17460
17462
17464
17466
17468
17470
17472
17474
17476
17478
17480
17482
17484
17486
17488
17490
17492
17494
17496
17498
17500
17502
17504
17506
17508
17510
17512
17514
17516
17518
17520
17522
17524
17526
17528
17530
17532
17534
17536
17538
17540
17542
17544
17546
17548
17550
17552
17554
17556
17558
17560
17562
17564
17566
17568
17570
17572
17574
17576
17578
17580
17582
17584
17586
17588
17590
17592
17594
17596
17598
17600
17602
17604
17606
17608
17610
17612
17614
17616
17618
17620
17622
17624
17626
17628
17630
17632
17634
17636
17638
17640
17642
17644
17646
17648
17650
17652
17654
17656
17658
17660
17662
17664
17666
17668
17670
17672
17674
17676
17678
17680
17682
17684
17686
17688
17690
17692
17694
17696
17698
17700
17702
17704
17706
17708
17710
17712
17714
17716
17718
17720
17722
17724
17726
17728
17730
17732
17734
17736
17738
17740
17742
17744
17746
17748
17750
17752
17754
17756
17758
17760
17762
17764
17766
17768
17770
17772
17774
17776
17778
17780
17782
17784
17786
17788
17790
17792
17794
17796
17798
17800
17802
17804
17806
17808
17810
17812
17814
17816
17818
17820
17822
17824
17826
17828
17830
17832
17834
17836
17838
17840
17842
17844
17846
17848
17850
17852
17854
17856
17858
17860
17862
17864
17866
17868
17870
17872
17874
17876
17878
17880
17882
17884
17886
17888
17890
17892
17894
17896
17898
17900
17902
17904
17906
17908
17910
17912
17914
17916
17918
17920
17922
17924
17926
17928
17930
17932
17934
17936
17938
17940
17942
17944
17946
17948
17950
17952
17954
17956
17958
17960
17962
17964
17966
17968
17970
17972
17974
17976
17978
17980
17982
17984
17986
17988
17990
17992
17994
17996
17998
18000
18002
18004
18006
18008
18010
18012
18014
18016
18018
18020
18022
18024
18026
18028
18030
18032
18034
18036
18038
18040
18042
18044
18046
18048
18050
18052
18054
18056
18058
18060
18062
18064
18066
18068
18070
18072
18074
18076
18078
18080
18082
18084
18086
18088
18090
18092
18094
18096
18098
18100
18102
18104
18106
18108
18110
18112
18114
18116
18118
18120
18122
18124
18126
18128
18130
18132
18134
18136
18138
18140
18142
18144
18146
18148
18150
18152
18154
18156
18158
18160
18162
18164
18166
18168
18170
18172
18174
18176
18178
18180
18182
18184
18186
18188
18190
18192
18194
18196
18198
18200
18202
18204
18206
18208
18210
18212
18214
18216
18218
18220
18222
18224
18226
18228
18230
18232
18234
18236
18238
18240
18242
18244
18246
18248
18250
18252
18254
18256
18258
18260
18262
18264
18266
18268
18270
18272
18274
18276
18278
18280
18282
18284
18286
18288
18290
18292
18294
18296
18298
18300
18302
18304
18306
18308
18310
18312
18314
18316
18318
18320
18322
18324
18326
18328
18330
18332
18334
18336
18338
18340
18342
18344
18346
18348
18350
18352
18354
18356
18358
18360
18362
18364
18366
18368
18370
18372
18374
18376
18378
18380
18382
18384
18386
18388
18390
18392
18394
18396
18398
18400
18402
18404
18406
18408
18410
18412
18414
18416
18418
18420
18422
18424
18426
18428
18430
18432
18434
18436
18438
18440
18442
18444
18446
18448
18450
18452
18454
18456
18458
18460
18462
18464
18466
18468
18470
18472
18474
18476
18478
18480
18482
18484
18486
18488
18490
18492
18494
18496
18498
18500
18502
18504
18506
18508
18510
18512
18514
18516
18518
18520
18522
18524
18526
18528
18530
18532
18534
18536
18538
18540
18542
18544
18546
18548
18550
18552
18554
18556
18558
18560
18562
18564
18566
18568
18570
18572
18574
18576
18578
18580
18582
18584
18586
18588
18590
18592
18594
18596
18598
18600
18602
18604
18606
18608
18610
18612
18614
18616
18618
18620
18622
18624
18626
18628
18630
18632
18634
18636
18638
18640
18642
18644
18646
18648
18650
18652
18654
18656
18658
18660
18662
18664
18666
18668
18670
18672
18674
18676
18678
18680
18682
18684
18686
18688
18690
18692
18694
18696
18698
18700
18702
18704
18706
18708
18710
18712
18714
18716
18718
18720
18722
18724
18726
18728
18730
18732
18734
18736
18738
18740
18742
18744
18746
18748
18750
18752
18754
18756
18758
18760
18762
18764
18766
18768
18770
18772
18774
18776
18778
18780
18782
18784
18786
18788
18790
18792
18794
18796
18798
18800
18802
18804
18806
18808
18810
18812
18814
18816
18818
18820
18822
18824
18826
18828
18830
18832
18834
18836
18838
18840
18842
18844
18846
18848
18850
18852
18854
18856
18858
18860
18862
18864
18866
18868
18870
18872
18874
18876
18878
18880
18882
18884
18886
18888
18890
18892
18894
18896
18898
18900
18902
18904
18906
18908
18910
18912
18914
18916
18918
18920
18922
18924
18926
18928
18930
18932
18934
18936
18938
18940
18942
18944
18946
18948
18950
18952
18954
18956
18958
18960
18962
18964
18966
18968
18970
18972
18974
18976
18978
18980
18982
18984
18986
18988
18990
18992
18994
18996
18998
19000
19002
19004
19006
19008
19010
19012
19014
19016
19018
19020
19022
19024
19026
19028
19030
19032
19034
19036
19038
19040
19042
19044
19046
19048
19050
19052
19054
19056
19058
19060
19062
19064
19066
19068
19070
19072
19074
19076
19078
19080
19082
19084
19086
19088
19090
19092
19094
19096
19098
19100
19102
19104
19106
19108
19110
19112
19114
19116
19118
19120
19122
19124
19126
19128
19130
19132
19134
19136
19138
19140
19142
19144
19146
19148
19150
19152
19154
19156
19158
19160
19162
19164
19166
19168
19170
19172
19174
19176
19178
19180
19182
19184
19186
19188
19190
19192
19194
19196
19198
19200
19202
19204
19206
19208
19210
19212
19214
19216
19218
19220
19222
19224
19226
19228
19230
19232
19234
19236
19238
19240
19242
19244
19246
19248
19250
19252
19254
19256
19258
19260
19262
19264
19266
19268
19270
19272
19274
19276
19278
19280
19282
19284
19286
19288
19290
19292
19294
19296
19298
19300
19302
19304
19306
19308
19310
19312
19314
19316
19318
19320
19322
19324
19326
19328
19330
19332
19334
19336
19338
19340
19342
19344
19346
19348
19350
19352
19354
19356
19358
19360
19362
19364
19366
19368
19370
19372
19374
19376
19378
19380
19382
19384
19386
19388
19390
19392
19394
19396
19398
19400
19402
19404
19406
19408
19410
19412
19414
19416
19418
19420
19422
19424
19426
19428
19430
19432
19434
19436
19438
19440
19442
19444
19446
19448
19450
19452
19454
19456
19458
19460
19462
19464
19466
19468
19470
19472
19474
19476
19478
19480
19482
19484
19486
19488
19490
19492
19494
19496
19498
19500
19502
19504
19506
19508
19510
19512
19514
19516
19518
19520
19522
19524
19526
19528
19530
19532
19534
19536
19538
19540
19542
19544
19546
19548
19550
19552
19554
19556
19558
19560
19562
19564
19566
19568
19570
19572
19574
19576
19578
19580
19582
19584
19586
19588
19590
19592
19594
19596
19598
19600
19602
19604
19606
19608
19610
19612
19614
19616
19618
19620
19622
19624
19626
19628
19630
19632
19634
19636
19638
19640
19642
19644
19646
19648
19650
19652
19654
19656
19658
19660
19662
19664
19666
19668
19670
19672
19674
19676
19678
19680
19682
19684
19686
19688
19690
19692
19694
19696
19698
19700
19702
19704
19706
19708
19710
19712
19714
19716
19718
19720
19722
19724
19726
19728
19730
19732
19734
19736
19738
19740
19742
19744
19746
19748
19750
19752
19754
19756
19758
19760
19762
19764
19766
19768
19770
19772
19774
19776
19778
19780
19782
19784
19786
19788
19790
19792
19794
19796
19798
19800
19802
19804
19806
19808
19810
19812
19814
19816
19818
19820
19822
19824
19826
19828
19830
19832
19834
19836
19838
19840
19842
19844
19846
19848
19850
19852
19854
19856
19858
19860
19862
19864
19866
19868
19870
19872
19874
19876
19878
19880
19882
19884
19886
19888
19890
19892
19894
19896
19898
19900
19902
19904
19906
19908
19910
19912
19914
19916
19918
19920
19922
19924
19926
19928
19930
19932
19934
19936
19938
19940
19942
19944
19946
19948
19950
19952
19954
19956
19958
19960
19962
19964
19966
19968
19970
19972
19974
19976
19978
19980
19982
19984
19986
19988
19990
19992
19994
19996
19998
20000
20002
20004
20006
20008
20010
20012
20014
20016
20018
20020
20022
20024
20026
20028
20030
20032
20034
20036
20038
20040
20042
20044
20046
20048
20050
20052
20054
20056
20058
20060
20062
20064
20066
20068
20070
20072
20074
20076
20078
20080
20082
20084
20086
20088
20090
20092
20094
20096
20098
20100
20102
20104
20106
20108
20110
20112
20114
20116
20118
20120
20122
20124
20126
20128
20130
20132
20134
20136
20138
20140
20142
20144
20146
20148
20150
20152
20154
20156
20158
20160
20162
20164
20166
20168
20170
20172
20174
20176
20178
20180
20182
20184
20186
20188
20190
20192
20194
20196
20198
20200
20202
20204
20206
20208
20210
20212
20214
20216
20218
20220
20222
20224
20226
20228
20230
20232
20234
20236
20238
20240
20242
20244
20246
20248
20250
20252
20254
20256
20258
20260
20262
20264
20266
20268
20270
20272
20274
20276
20278
20280
20282
20284
20286
20288
20290
20292
20294
20296
20298
20300
20302
20304
20306
20308
20310
20312
20314
20316
20318
20320
20322
20324
20326
20328
20330
20332
20334
20336
20338
20340
20342
20344
20346
20348
20350
20352
20354
20356
20358
20360
20362
20364
20366
20368
20370
20372
20374
20376
20378
20380
20382
20384
20386
20388
20390
20392
20394
20396
20398
20400
20402
20404
20406
20408
20410
20412
20414
20416
20418
20420
20422
20424
20426
20428
20430
20432
20434
20436
20438
20440
20442
20444
20446
20448
20450
20452
20454
20456
20458
20460
20462
20464
20466
20468
20470
20472
20474
20476
20478
20480
20482
20484
20486
20488
20490
20492
20494
20496
20498
20500
20502
20504
20506
20508
20510
20512
20514
20516
20518
20520
20522
20524
20526
20528
20530
20532
20534
20536
20538
20540
20542
20544
20546
20548
20550
20552
20554
20556
20558
20560
20562
20564
20566
20568
20570
20572
20574
20576
20578
20580
20582
20584
20586
20588
20590
20592
20594
20596
20598
20600
20602
20604
20606
20608
20610
20612
20614
20616
20618
20620
20622
20624
20626
20628
20630
20632
20634
20636
20638
20640
20642
20644
20646
20648
20650
20652
20654
20656
20658
20660
20662
20664
20666
20668
20670
20672
20674
20676
20678
20680
20682
20684
20686
20688
20690
20692
20694
20696
20698
20700
20702
20704
20706
20708
20710
20712
20714
20716
20718
20720
20722
20724
20726
20728
20730
20732
20734
20736
20738
20740
20742
20744
20746
20748
20750
20752
20754
20756
20758
20760
20762
20764
20766
20768
20770
20772
20774
20776
20778
20780
20782
20784
20786
20788
20790
20792
20794
20796
20798
20800
20802
20804
20806
20808
20810
20812
20814
20816
20818
20820
20822
20824
20826
20828
20830
20832
20834
20836
20838
20840
20842
20844
20846
20848
20850
20852
20854
20856
20858
20860
20862
20864
20866
20868
20870
20872
20874
20876
20878
20880
20882
20884
20886
20888
20890
20892
20894
20896
20898
20900
20902
20904
20906
20908
20910
20912
20914
20916
20918
20920
20922
20924
20926
20928
20930
20932
20934
20936
20938
20940
20942
20944
20946
20948
20950
20952
20954
20956
20958
20960
20962
20964
20966
20968
20970
20972
20974
20976
20978
20980
20982
20984
20986
20988
20990
20992
20994
20996
20998
21000
21002
21004
21006
21008
21010
21012
21014
21016
21018
21020
21022
21024
21026
21028
21030
21032
21034
21036
21038
21040
21042
21044
21046
21048
21050
21052
21054
21056
21058
21060
21062
21064
21066
21068
21070
21072
21074
21076
21078
21080
21082
21084
21086
21088
21090
21092
21094
21096
21098
21100
21102
21104
21106
21108
21110
21112
21114
21116
21118
21120
21122
21124
21126
21128
21130
21132
21134
21136
21138
21140
21142
21144
21146
21148
21150
21152
21154
21156
21158
21160
21162
21164
21166
21168
21170
21172
21174
21176
21178
21180
21182
21184
21186
21188
21190
21192
21194
21196
21198
21200
21202
21204
21206
21208
21210
21212
21214
21216
21218
21220
21222
21224
21226
21228
21230
21232
21234
21236
21238
21240
21242
21244
21246
21248
21250
21252
21254
21256
21258
21260
21262
21264
21266
21268
21270
21272
21274
21276
21278
21280
21282
21284
21286
21288
21290
21292
21294
21296
21298
21300
21302
21304
21306
21308
21310
21312
21314
21316
21318
21320
21322
21324
21326
21328
21330
21332
21334
21336
21338
21340
21342
21344
21346
21348
21350
21352
21354
21356
21358
21360
21362
21364
21366
21368
21370
21372
21374
21376
21378
21380
21382
21384
21386
21388
21390
21392
21394
21396
21398
21400
21402
21404
21406
21408
21410
21412
21414
21416
21418
21420
21422
21424
21426
21428
21430
21432
21434
21436
21438
21440
21442
21444
21446
21448
21450
21452
21454
21456
21458
21460
21462
21464
21466
21468
21470
21472
21474
21476
21478
21480
21482
21484
21486
21488
21490
21492
21494
21496
21498
21500
21502
21504
21506
21508
21510
21512
21514
21516
21518
21520
21522
21524
21526
21528
21530
21532
21534
21536
21538
21540
21542
21544
21546
21548
21550
21552
21554
21556
21558
21560
21562
21564
21566
21568
21570
21572
21574
21576
21578
21580
21582
21584
21586
21588
21590
21592
21594
21596
21598
21600
21602
21604
21606
21608
21610
21612
21614
21616
21618
21620
21622
21624
21626
21628
21630
21632
21634
21636
21638
21640
21642
21644
21646
21648
21650
21652
21654
21656
21658
21660
21662
21664
21666
21668
21670
21672
21674
21676
21678
21680
21682
21684
21686
21688
21690
21692
21694
21696
21698
21700
21702
21704
21706
21708
21710
21712
21714
21716
21718
21720
21722
21724
21726
21728
21730
21732
21734
21736
21738
21740
21742
21744
21746
21748
21750
21752
21754
21756
21758
21760
21762
21764
21766
21768
21770
21772
21774
21776
21778
21780
21782
21784
21786
21788
21790
21792
21794
21796
21798
21800
21802
21804
21806
21808
21810
21812
21814
21816
21818
21820
21822
21824
21826
21828
21830
21832
21834
21836
21838
21840
21842
21844
21846
21848
21850
21852
21854
21856
21858
21860
21862
21864
21866
21868
21870
21872
21874
21876
21878
21880
21882
21884
21886
21888
21890
21892
21894
21896
21898
21900
21902
21904
21906
21908
21910
21912
21914
21916
21918
21920
21922
21924
21926
21928
21930
21932
21934
21936
21938
21940
21942
21944
21946
21948
21950
21952
21954
21956
21958
21960
21962
21964
21966
21968
21970
21972
21974
21976
21978
21980
21982
21984
21986
21988
21990
21992
21994
21996
21998
22000
22002
22004
22006
22008
22010
22012
22014
22016
22018
22020
22022
22024
22026
22028
22030
22032
22034
22036
22038
22040
22042
22044
22046
22048
22050
22052
22054
22056
22058
22060
22062
22064
22066
22068
22070
22072
22074
22076
22078
22080
22082
22084
22086
22088
22090
22092
22094
22096
22098
22100
22102
22104
22106
22108
22110
22112
22114
22116
22118
22120
22122
22124
22126
22128
22130
22132
22134
22136
22138
22140
22142
22144
22146
22148
22150
22152
22154
22156
22158
22160
22162
22164
22166
22168
22170
22172
22174
22176
22178
22180
22182
22184
22186
22188
22190
22192
22194
22196
22198
22200
22202
22204
22206
22208
22210
22212
22214
22216
22218
22220
22222
22224
22226
22228
22230
22232
22234
22236
22238
22240
22242
22244
22246
22248
22250
22252
22254
22256
22258
22260
22262
22264
22266
22268
22270
22272
22274
22276
22278
22280
22282
22284
22286
22288
22290
22292
22294
22296
22298
22300
22302
22304
22306
22308
22310
22312
22314
22316
22318
22320
22322
22324
22326
22328
22330
22332
22334
22336
22338
22340
22342
22344
22346
22348
22350
22352
22354
22356
22358
22360
22362
22364
22366
22368
22370
22372
22374
22376
22378
22380
22382
22384
22386
22388
22390
22392
22394
22396
22398
22400
22402
22404
22406
22408
22410
22412
22414
22416
22418
22420
22422
22424
22426
22428
22430
22432
22434
22436
22438
22440
22442
22444
22446
22448
22450
22452
22454
22456
22458
22460
22462
22464
22466
22468
22470
22472
22474
22476
22478
22480
22482
22484
22486
22488
22490
22492
22494
22496
22498
22500
22502
22504
22506
22508
22510
22512
22514
22516
22518
22520
22522
22524
22526
22528
22530
22532
22534
22536
22538
22540
22542
22544
22546
22548
22550
22552
22554
22556
22558
22560
22562
22564
22566
22568
22570
22572
22574
22576
22578
22580
22582
22584
22586
22588
22590
22592
22594
22596
22598
22600
22602
22604
22606
22608
22610
22612
22614
22616
22618
22620
22622
22624
22626
22628
22630
22632
22634
22636
22638
22640
22642
22644
22646
22648
22650
22652
22654
22656
22658
22660
22662
22664
22666
22668
22670
22672
22674
22676
22678
22680
22682
22684
22686
22688
22690
22692
22694
22696
22698
22700
22702
22704
22706
22708
22710
22712
22714
22716
22718
22720
22722
22724
22726
22728
22730
22732
22734
22736
22738
22740
22742
22744
22746
22748
22750
22752
22754
22756
22758
22760
22762
22764
22766
22768
22770
22772
22774
22776
22778
22780
22782
22784
22786
22788
22790
22792
22794
22796
22798
22800
22802
22804
22806
22808
22810
22812
22814
22816
22818
22820
22822
22824
22826
22828
22830
22832
22834
22836
22838
22840
22842
22844
22846
22848
22850
22852
22854
22856
22858
22860
22862
22864
22866
22868
22870
22872
22874
22876
22878
22880
22882
22884
22886
22888
22890
22892
22894
22896
22898
22900
22902
22904
22906
22908
22910
22912
22914
22916
22918
22920
22922
22924
22926
22928
22930
22932
22934
22936
22938
22940
22942
22944
22946
22948
22950
22952
22954
22956
22958
22960
22962
22964
22966
22968
22970
22972
22974
22976
22978
22980
22982
22984
22986
22988
22990
22992
22994
22996
22998
23000
23002
23004
23006
23008
23010
23012
23014
23016
23018
23020
23022
23024
23026
23028
23030
23032
23034
23036
23038
23040
23042
23044
23046
23048
23050
23052
23054
23056
23058
23060
23062
23064
23066
23068
23070
23072
23074
23076
23078
23080
23082
23084
23086
23088
23090
23092
23094
23096
23098
23100
23102
23104
23106
23108
23110
23112
23114
23116
23118
23120
23122
23124
23126
23128
23130
23132
23134
23136
23138
23140
23142
23144
23146
23148
23150
23152
23154
23156
23158
23160
23162
23164
23166
23168
23170
23172
23174
23176
23178
23180
23182
23184
23186
23188
23190
23192
23194
23196
23198
23200
23202
23204
23206
23208
23210
23212
23214
23216
23218
23220
23222
23224
23226
23228
23230
23232
23234
23236
23238
23240
23242
23244
23246
23248
23250
23252
23254
23256
23258
23260
23262
23264
23266
23268
23270
23272
23274
23276
23278
23280
23282
23284
23286
23288
23290
23292
23294
23296
23298
23300
23302
23304
23306
23308
23310
23312
23314
23316
23318
23320
23322
23324
23326
23328
23330
23332
23334
23336
23338
23340
23342
23344
23346
23348
23350
23352
23354
23356
23358
23360
23362
23364
23366
23368
23370
23372
23374
23376
23378
23380
23382
23384
23386
23388
23390
23392
23394
23396
23398
23400
23402
23404
23406
23408
23410
23412
23414
23416
23418
23420
23422
23424
23426
23428
23430
23432
23434
23436
23438
23440
23442
23444
23446
23448
23450
23452
23454
23456
23458
23460
23462
23464
23466
23468
23470
23472
23474
23476
23478
23480
23482
23484
23486
23488
23490
23492
23494
23496
23498
23500
23502
23504
23506
23508
23510
23512
23514
23516
23518
23520
23522
23524
23526
23528
23530
23532
23534
23536
23538
23540
23542
23544
23546
23548
23550
23552
23554
23556
23558
23560
23562
23564
23566
23568
23570
23572
23574
23576
23578
23580
23582
23584
23586
23588
23590
23592
23594
23596
23598
23600
23602
23604
23606
23608
23610
23612
23614
23616
23618
23620
23622
23624
23626
23628
23630
23632
23634
23636
23638
23640
23642
23644
23646
23648
23650
23652
23654
23656
23658
23660
23662
23664
23666
23668
23670
23672
23674
23676
23678
23680
23682
23684
23686
23688
23690
23692
23694
23696
23698
23700
23702
23704
23706
23708
23710
23712
23714
23716
23718
23720
23722
23724
23726
23728
23730
23732
23734
23736
23738
23740
23742
23744
23746
23748
23750
23752
23754
23756
23758
23760
23762
23764
23766
23768
23770
23772
23774
23776
23778
23780
23782
23784
23786
23788
23790
23792
23794
23796
23798
23800
23802
23804
23806
23808
23810
23812
23814
23816
23818
23820
23822
23824
23826
23828
23830
23832
23834
23836
23838
23840
23842
23844
23846
23848
23850
23852
23854
23856
23858
23860
23862
23864
23866
23868
23870
23872
23874
23876
23878
23880
23882
23884
23886
23888
23890
23892
23894
23896
23898
23900
23902
23904
23906
23908
23910
23912
23914
23916
23918
23920
23922
23924
23926
23928
23930
23932
23934
23936
23938
23940
23942
23944
23946
23948
23950
23952
23954
23956
23958
23960
23962
23964
23966
23968
23970
23972
23974
23976
23978
23980
23982
23984
23986
23988
23990
23992
23994
23996
23998
24000
24002
24004
24006
24008
24010
24012
24014
24016
24018
24020
24022
24024
24026
24028
24030
24032
24034
24036
24038
24040
24042
24044
24046
24048
24050
24052
24054
24056
24058
24060
24062
24064
24066
24068
24070
24072
24074
24076
24078
24080
24082
24084
24086
24088
24090
24092
24094
24096
24098
24100
24102
24104
24106
24108
24110
24112
24114
24116
24118
24120
24122
24124
24126
24128
24130
24132
24134
24136
24138
24140
24142
24144
24146
24148
24150
24152
24154
24156
24158
24160
24162
24164
24166
24168
24170
24172
24174
24176
24178
24180
24182
24184
24186
24188
24190
24192
24194
24196
24198
24200
24202
24204
24206
24208
24210
24212
24214
24216
24218
24220
24222
24224
24226
24228
24230
24232
24234
24236
24238
24240
24242
24244
24246
24248
24250
24252
24254
24256
24258
24260
24262
24264
24266
24268
24270
24272
24274
24276
24278
24280
24282
24284
24286
24288
24290
24292
24294
24296
24298
24300
24302
24304
24306
24308
24310
24312
24314
24316
24318
24320
24322
24324
24326
24328
24330
24332
24334
24336
24338
24340
24342
24344
24346
24348
24350
24352
24354
24356
24358
24360
24362
24364
24366
24368
24370
24372
24374
24376
24378
24380
24382
24384
24386
24388
24390
24392
24394
24396
24398
24400
24402
24404
24406
24408
24410
24412
24414
24416
24418
24420
24422
24424
24426
24428
24430
24432
24434
24436
24438
24440
24442
24444
24446
24448
24450
24452
24454
24456
24458
24460
24462
24464
24466
24468
24470
24472
24474
24476
24478
24480
24482
24484
24486
24488
24490
24492
24494
24496
24498
24500
24502
24504
24506
24508
24510
24512
24514
24516
24518
24520
24522
24524
24526
24528
24530
24532
24534
24536
24538
24540
24542
24544
24546
24548
24550
24552
24554
24556
24558
24560
24562
24564
24566
24568
24570
24572
24574
24576
24578
24580
24582
24584
24586
24588
24590
24592
24594
24596
24598
24600
24602
24604
24606
24608
24610
24612
24614
24616
24618
24620
24622
24624
24626
24628
24630
24632
24634
24636
24638
24640
24642
24644
24646
24648
24650
24652
24654
24656
24658
24660
24662
24664
24666
24668
24670
24672
24674
24676
24678
24680
24682
24684
24686
24688
24690
24692
24694
24696
24698
24700
24702
24704
24706
24708
24710
24712
24714
24716
24718
24720
24722
24724
24726
24728
24730
24732
24734
24736
24738
24740
24742
24744
24746
24748
24750
24752
24754
24756
24758
24760
24762
24764
24766
24768
24770
24772
24774
24776
24778
24780
24782
24784
24786
24788
24790
24792
24794
24796
24798
24800
24802
24804
24806
24808
24810
24812
24814
24816
24818
24820
24822
24824
24826
24828
24830
24832
24834
24836
24838
24840
24842
24844
24846
24848
24850
24852
24854
24856
24858
24860
24862
24864
24866
24868
24870
24872
24874
24876
24878
24880
24882
24884
24886
24888
24890
24892
24894
24896
24898
24900
24902
24904
24906
24908
24910
24912
24914
24916
24918
24920
24922
24924
24926
24928
24930
24932
24934
24936
24938
24940
24942
24944
24946
24948
24950
24952
24954
24956
24958
24960
24962
24964
24966
24968
24970
24972
24974
24976
24978
24980
24982
24984
24986
24988
24990
24992
24994
24996
24998
25000
25002
25004
25006
25008
25010
25012
25014
25016
25018
25020
25022
25024
25026
25028
25030
25032
25034
25036
25038
25040
25042
25044
25046
25048
25050
25052
25054
25056
25058
25060
25062
25064
25066
25068
25070
25072
25074
25076
25078
25080
25082
25084
25086
25088
25090
25092
25094
25096
25098
25100
25102
25104
25106
25108
25110
25112
25114
25116
25118
25120
25122
25124
25126
25128
25130
25132
25134
25136
25138
25140
25142
25144
25146
25148
25150
25152
25154
25156
25158
25160
25162
25164
25166
25168
25170
25172
25174
25176
25178
25180
25182
25184
25186
25188
25190
25192
25194
25196
25198
25200
25202
25204
25206
25208
25210
25212
25214
25216
25218
25220
25222
25224
25226
25228
25230
25232
25234
25236
25238
25240
25242
25244
25246
25248
25250
25252
25254
25256
25258
25260
25262
25264
25266
25268
25270
25272
25274
25276
25278
25280
25282
25284
25286
25288
25290
25292
25294
25296
25298
25300
25302
25304
25306
25308
25310
25312
25314
25316
25318
25320
25322
25324
25326
25328
25330
25332
25334
25336
25338
25340
25342
25344
25346
25348
25350
25352
25354
25356
25358
25360
25362
25364
25366
25368
25370
25372
25374
25376
25378
25380
25382
25384
25386
25388
25390
25392
25394
25396
25398
25400
25402
25404
25406
25408
25410
25412
25414
25416
25418
25420
25422
25424
25426
25428
25430
25432
25434
25436
25438
25440
25442
25444
25446
25448
25450
25452
25454
25456
25458
25460
25462
25464
25466
25468
25470
25472
25474
25476
25478
25480
25482
25484
25486
25488
25490
25492
25494
25496
25498
25500
25502
25504
25506
25508
25510
25512
25514
25516
25518
25520
25522
25524
25526
25528
25530
25532
25534
25536
25538
25540
25542
25544
25546
25548
25550
25552
25554
25556
25558
25560
25562
25564
25566
25568
25570
25572
25574
25576
25578
25580
25582
25584
25586
25588
25590
25592
25594
25596
25598
25600
25602
25604
25606
25608
25610
25612
25614
25616
25618
25620
25622
25624
25626
25628
25630
25632
25634
25636
25638
25640
25642
25644
25646
25648
25650
25652
25654
25656
25658
25660
25662
25664
25666
25668
25670
25672
25674
25676
25678
25680
25682
25684
25686
25688
25690
25692
25694
25696
25698
25700
25702
25704
25706
25708
25710
25712
25714
25716
25718
25720
25722
25724
25726
25728
25730
25732
25734
25736
25738
25740
25742
25744
25746
25748
25750
25752
25754
25756
25758
25760
25762
25764
25766
25768
25770
25772
25774
25776
25778
25780
25782
25784
25786
25788
25790
25792
25794
25796
25798
25800
25802
25804
25806
25808
25810
25812
25814
25816
25818
25820
25822
25824
25826
25828
25830
25832
25834
25836
25838
25840
25842
25844
25846
25848
25850
25852
25854
25856
25858
25860
25862
25864
25866
25868
25870
25872
25874
25876
25878
25880
25882
25884
25886
25888
25890
25892
25894
25896
25898
25900
25902
25904
25906
25908
25910
25912
25914
25916
25918
25920
25922
25924
25926
25928
25930
25932
25934
25936
25938
25940
25942
25944
25946
25948
25950
25952
25954
25956
25958
25960
25962
25964
25966
25968
25970
25972
25974
25976
25978
25980
25982
25984
25986
25988
25990
25992
25994
25996
25998
26000
26002
26004
26006
26008
26010
26012
26014
26016
26018
26020
26022
26024
26026
26028
26030
26032
26034
26036
26038
26040
26042
26044
26046
26048
26050
26052
26054
26056
26058
26060
26062
26064
26066
26068
26070
26072
26074
26076
26078
26080
26082
26084
26086
26088
26090
26092
26094
26096
26098
26100
26102
26104
26106
26108
26110
26112
26114
26116
26118
26120
26122
26124
26126
26128
26130
26132
26134
26136
26138
26140
26142
26144
26146
26148
26150
26152
26154
26156
26158
26160
26162
26164
26166
26168
26170
26172
26174
26176
26178
26180
26182
26184
26186
26188
26190
26192
26194
26196
26198
26200
26202
26204
26206
26208
26210
26212
26214
26216
26218
26220
26222
26224
26226
26228
26230
26232
26234
26236
26238
26240
26242
26244
26246
26248
26250
26252
26254
26256
26258
26260
26262
26264
26266
26268
26270
26272
26274
26276
26278
26280
26282
26284
26286
26288
26290
26292
26294
26296
26298
26300
26302
26304
26306
26308
26310
26312
26314
26316
26318
26320
26322
26324
26326
26328
26330
26332
26334
26336
26338
26340
26342
26344
26346
26348
26350
26352
26354
26356
26358
26360
26362
26364
26366
26368
26370
26372
26374
26376
26378
26380
26382
26384
26386
26388
26390
26392
26394
26396
26398
26400
26402
26404
26406
26408
26410
26412
26414
26416
26418
26420
26422
26424
26426
26428
26430
26432
26434
26436
26438
26440
26442
26444
26446
26448
26450
26452
26454
26456
26458
26460
26462
26464
26466
26468
26470
26472
26474
26476
26478
26480
26482
26484
26486
26488
26490
26492
26494
26496
26498
26500
26502
26504
26506
26508
26510
26512
26514
26516
26518
26520
26522
26524
26526
26528
26530
26532
26534
26536
26538
26540
26542
26544
26546
26548
26550
26552
26554
26556
26558
26560
26562
26564
26566
26568
26570
26572
26574
26576
26578
26580
26582
26584
26586
26588
26590
26592
26594
26596
26598
26600
26602
26604
26606
26608
26610
26612
26614
26616
26618
26620
26622
26624
26626
26628
26630
26632
26634
26636
26638
26640
26642
26644
26646
26648
26650
26652
26654
26656
26658
26660
26662
26664
26666
26668
26670
26672
26674
26676
26678
26680
26682
26684
26686
26688
26690
26692
26694
26696
26698
26700
26702
26704
26706
26708
26710
26712
26714
26716
26718
26720
26722
26724
26726
26728
26730
26732
26734
26736
26738
26740
26742
26744
26746
26748
26750
26752
26754
26756
26758
26760
26762
26764
26766
26768
26770
26772
26774
26776
26778
26780
26782
26784
26786
26788
26790
26792
26794
26796
26798
26800
26802
26804
26806
26808
26810
26812
26814
26816
26818
26820
26822
26824
26826
26828
26830
26832
26834
26836
26838
26840
26842
26844
26846
26848
26850
26852
26854
26856
26858
26860
26862
26864
26866
26868
26870
26872
26874
26876
26878
26880
26882
26884
26886
26888
26890
26892
26894
26896
26898
26900
26902
26904
26906
26908
26910
26912
26914
26916
26918
26920
26922
26924
26926
26928
26930
26932
26934
26936
26938
26940
26942
26944
26946
26948
26950
26952
26954
26956
26958
26960
26962
26964
26966
26968
26970
26972
26974
26976
26978
26980
26982
26984
26986
26988
26990
26992
26994
26996
26998
27000
27002
27004
27006
27008
27010
27012
27014
27016
27018
27020
27022
27024
27026
27028
27030
27032
27034
27036
27038
27040
27042
27044
27046
27048
27050
27052
27054
27056
27058
27060
27062
27064
27066
27068
27070
27072
27074
27076
27078
27080
27082
27084
27086
27088
27090
27092
27094
27096
27098
27100
27102
27104
27106
27108
27110
27112
27114
27116
27118
27120
27122
27124
27126
27128
27130
27132
27134
27136
27138
27140
27142
27144
27146
27148
27150
27152
27154
27156
27158
27160
27162
27164
27166
27168
27170
27172
27174
27176
27178
27180
27182
27184
27186
27188
27190
27192
27194
27196
27198
27200
27202
27204
27206
27208
27210
27212
27214
27216
27218
27220
27222
27224
27226
27228
27230
27232
27234
27236
27238
27240
27242
27244
27246
27248
27250
27252
27254
27256
27258
27260
27262
27264
27266
27268
27270
27272
27274
27276
27278
27280
27282
27284
27286
27288
27290
27292
27294
27296
27298
27300
27302
27304
27306
27308
27310
27312
27314
27316
27318
27320
27322
27324
27326
27328
27330
27332
27334
27336
27338
27340
27342
27344
27346
27348
27350
27352
27354
27356
27358
27360
27362
27364
27366
27368
27370
27372
27374
27376
27378
27380
27382
27384
27386
27388
27390
27392
27394
27396
27398
27400
27402
27404
27406
27408
27410
27412
27414
27416
27418
27420
27422
27424
27426
27428
27430
27432
27434
27436
27438
27440
27442
27444
27446
27448
27450
27452
27454
27456
27458
27460
27462
27464
27466
27468
27470
27472
27474
27476
27478
27480
27482
27484
27486
27488
27490
27492
27494
27496
27498
27500
27502
27504
27506
27508
27510
27512
27514
27516
27518
27520
27522
27524
27526
27528
27530
27532
27534
27536
27538
27540
27542
27544
27546
27548
27550
27552
27554
27556
27558
27560
27562
27564
27566
27568
27570
27572
27574
27576
27578
27580
27582
27584
27586
27588
27590
27592
27594
27596
27598
27600
27602
27604
27606
27608
27610
27612
27614
27616
27618
27620
27622
27624
27626
27628
27630
27632
27634
27636
27638
27640
27642
27644
27646
27648
27650
27652
27654
27656
27658
27660
27662
27664
27666
27668
27670
27672
27674
27676
27678
27680
27682
27684
27686
27688
27690
27692
27694
27696
27698
27700
27702
27704
27706
27708
27710
27712
27714
27716
27718
27720
27722
27724
27726
27728
27730
27732
27734
27736
27738
27740
27742
27744
27746
27748
27750
27752
27754
27756
27758
27760
27762
27764
27766
27768
27770
27772
27774
27776
27778
27780
27782
27784
27786
27788
27790
27792
27794
27796
27798
27800
27802
27804
27806
27808
27810
27812
27814
27816
27818
27820
27822
27824
27826
27828
27830
27832
27834
27836
27838
27840
27842
27844
27846
27848
27850
27852
27854
27856
27858
27860
27862
27864
27866
27868
27870
27872
27874
27876
27878
27880
27882
27884
27886
27888
27890
27892
27894
27896
27898
27900
27902
27904
27906
27908
27910
27912
27914
27916
27918
27920
27922
27924
27926
27928
27930
27932
27934
27936
27938
27940
27942
27944
27946
27948
27950
27952
27954
27956
27958
27960
27962
27964
27966
27968
27970
27972
27974
27976
27978
27980
27982
27984
27986
27988
27990
27992
27994
27996
27998
28000
28002
28004
28006
28008
28010
28012
28014
28016
28018
28020
28022
28024
28026
28028
28030
28032
28034
28036
28038
28040
28042
28044
28046
28048
28050
28052
28054
28056
28058
28060
28062
28064
28066
28068
28070
28072
28074
28076
28078
28080
28082
28084
28086
28088
28090
28092
28094
28096
28098
28100
28102
28104
28106
28108
28110
28112
28114
28116
28118
28120
28122
28124
28126
28128
28130
28132
28134
28136
28138
28140
28142
28144
28146
28148
28150
28152
28154
28156
28158
28160
28162
28164
28166
28168
28170
28172
28174
28176
28178
28180
28182
28184
28186
28188
28190
28192
28194
28196
28198
28200
28202
28204
28206
28208
28210
28212
28214
28216
28218
28220
28222
28224
28226
28228
28230
28232
28234
28236
28238
28240
28242
28244
28246
28248
28250
28252
28254
28256
28258
28260
28262
28264
28266
28268
28270
28272
28274
28276
28278
28280
28282
28284
28286
28288
28290
28292
28294
28296
28298
28300
28302
28304
28306
28308
28310
28312
28314
28316
28318
28320
28322
28324
28326
28328
28330
28332
28334
28336
28338
28340
28342
28344
28346
28348
28350
28352
28354
28356
28358
28360
28362
28364
28366
28368
28370
28372
28374
28376
28378
28380
28382
28384
28386
28388
28390
28392
28394
28396
28398
28400
28402
28404
28406
28408
28410
28412
28414
28416
28418
28420
28422
28424
28426
28428
28430
28432
28434
28436
28438
28440
28442
28444
28446
28448
28450
28452
28454
28456
28458
28460
28462
28464
28466
28468
28470
28472
28474
28476
28478
28480
28482
28484
28486
28488
28490
28492
28494
28496
28498
28500
28502
28504
28506
28508
28510
28512
28514
28516
28518
28520
28522
28524
28526
28528
28530
28532
28534
28536
28538
28540
28542
28544
28546
28548
28550
28552
28554
28556
28558
28560
28562
28564
28566
28568
28570
28572
28574
28576
28578
28580
28582
28584
28586
28588
28590
28592
28594
28596
28598
28600
28602
28604
28606
28608
28610
28612
28614
28616
28618
28620
28622
28624
28626
28628
28630
28632
28634
28636
28638
28640
28642
28644
28646
28648
28650
28652
28654
28656
28658
28660
28662
28664
28666
28668
28670
28672
28674
28676
28678
28680
28682
28684
28686
28688
28690
28692
28694
28696
28698
28700
28702
28704
28706
28708
28710
28712
28714
28716
28718
28720
28722
28724
28726
28728
28730
28732
28734
28736
28738
28740
28742
28744
28746
28748
28750
28752
28754
28756
28758
28760
28762
28764
28766
28768
28770
28772
28774
28776
28778
28780
28782
28784
28786
28788
28790
28792
28794
28796
28798
28800
28802
28804
28806
28808
28810
28812
28814
28816
28818
28820
28822
28824
28826
28828
28830
28832
28834
28836
28838
28840
28842
28844
28846
28848
28850
28852
28854
28856
28858
28860
28862
28864
28866
28868
28870
28872
28874
28876
28878
28880
28882
28884
28886
28888
28890
28892
28894
28896
28898
28900
28902
28904
28906
28908
28910
28912
28914
28916
28918
28920
28922
28924
28926
28928
28930
28932
28934
28936
28938
28940
28942
28944
28946
28948
28950
28952
28954
28956
28958
28960
28962
28964
28966
28968
28970
28972
28974
28976
28978
28980
28982
28984
28986
28988
28990
28992
28994
28996
28998
29000
29002
29004
29006
29008
29010
29012
29014
29016
29018
29020
29022
29024
29026
29028
29030
29032
29034
29036
29038
29040
29042
29044
29046
29048
29050
29052
29054
29056
29058
29060
29062
29064
29066
29068
29070
29072
29074
29076
29078
29080
29082
29084
29086
29088
29090
29092
29094
29096
29098
29100
29102
29104
29106
29108
29110
29112
29114
29116
29118
29120
29122
29124
29126
29128
29130
29132
29134
29136
29138
29140
29142
29144
29146
29148
29150
29152
29154
29156
29158
29160
29162
29164
29166
29168
29170
29172
29174
29176
29178
29180
29182
29184
29186
29188
29190
29192
29194
29196
29198
29200
29202
29204
29206
29208
29210
29212
29214
29216
29218
29220
29222
29224
29226
29228
29230
29232
29234
29236
29238
29240
29242
29244
29246
29248
29250
29252
29254
29256
29258
29260
29262
29264
29266
29268
29270
29272
29274
29276
29278
29280
29282
29284
29286
29288
29290
29292
29294
29296
29298
29300
29302
29304
29306
29308
29310
29312
29314
29316
29318
29320
29322
29324
29326
29328
29330
29332
29334
29336
29338
29340
29342
29344
29346
29348
29350
29352
29354
29356
29358
29360
29362
29364
29366
29368
29370
29372
29374
29376
29378
29380
29382
29384
29386
29388
29390
29392
29394
29396
29398
29400
29402
29404
29406
29408
29410
29412
29414
29416
29418
29420
29422
29424
29426
29428
29430
29432
29434
29436
29438
29440
29442
29444
29446
29448
29450
29452
29454
29456
29458
29460
29462
29464
29466
29468
29470
29472
29474
29476
29478
29480
29482
29484
29486
29488
29490
29492
29494
29496
29498
29500
29502
29504
29506
29508
29510
29512
29514
29516
29518
29520
29522
29524
29526
29528
29530
29532
29534
29536
29538
29540
29542
29544
29546
29548
29550
29552
29554
29556
29558
29560
29562
29564
29566
29568
29570
29572
29574
29576
29578
29580
29582
29584
29586
29588
29590
29592
29594
29596
29598
29600
29602
29604
29606
29608
29610
29612
29614
29616
29618
29620
29622
29624
29626
29628
29630
29632
29634
29636
29638
29640
29642
29644
29646
29648
29650
29652
29654
29656
29658
29660
29662
29664
29666
29668
29670
29672
29674
29676
29678
29680
29682
29684
29686
29688
29690
29692
29694
29696
29698
29700
29702
29704
29706
29708
29710
29712
29714
29716
29718
29720
29722
29724
29726
29728
29730
29732
29734
29736
29738
29740
29742
29744
29746
29748
29750
29752
29754
29756
29758
29760
29762
29764
29766
29768
29770
29772
29774
29776
29778
29780
29782
29784
29786
29788
29790
29792
29794
29796
29798
29800
29802
29804
29806
29808
29810
29812
29814
29816
29818
29820
29822
29824
29826
29828
29830
29832
29834
29836
29838
29840
29842
29844
29846
29848
29850
29852
29854
29856
29858
29860
29862
29864
29866
29868
29870
29872
29874
29876
29878
29880
29882
29884
29886
29888
29890
29892
29894
29896
29898
29900
29902
29904
29906
29908
29910
29912
29914
29916
29918
29920
29922
29924
29926
29928
29930
29932
29934
29936
29938
29940
29942
29944
29946
29948
29950
29952
29954
29956
29958
29960
29962
29964
29966
29968
29970
29972
29974
29976
29978
29980
29982
29984
29986
29988
29990
29992
29994
29996
29998
30000
30002
30004
30006
30008
30010
30012
30014
30016
30018
30020
30022
30024
30026
30028
30030
30032
30034
30036
30038
30040
30042
30044
30046
30048
30050
30052
30054
30056
30058
30060
30062
30064
30066
30068
30070
30072
30074
30076
30078
30080
30082
30084
30086
30088
30090
30092
30094
30096
30098
30100
30102
30104
30106
30108
30110
30112
30114
30116
30118
30120
30122
30124
30126
30128
30130
30132
30134
30136
30138
30140
30142
30144
30146
30148
30150
30152
30154
30156
30158
30160
30162
30164
30166
30168
30170
30172
30174
30176
30178
30180
30182
30184
30186
30188
30190
30192
30194
30196
30198
30200
30202
30204
30206
30208
30210
30212
30214
30216
30218
30220
30222
30224
30226
30228
30230
30232
30234
30236
30238
30240
30242
30244
30246
30248
30250
30252
30254
30256
30258
30260
30262
30264
30266
30268
30270
30272
30274
30276
30278
30280
30282
30284
30286
30288
30290
30292
30294
30296
30298
30300
30302
30304
30306
30308
30310
30312
30314
30316
30318
30320
30322
30324
30326
30328
30330
30332
30334
30336
30338
30340
30342
30344
30346
30348
30350
30352
30354
30356
30358
30360
30362
30364
30366
30368
30370
30372
30374
30376
30378
30380
30382
30384
30386
30388
30390
30392
30394
30396
30398
30400
30402
30404
30406
30408
30410
30412
30414
30416
30418
30420
30422
30424
30426
30428
30430
30432
30434
30436
30438
30440
30442
30444
30446
30448
30450
30452
30454
30456
30458
30460
30462
30464
30466
30468
30470
30472
30474
30476
30478
30480
30482
30484
30486
30488
30490
30492
30494
30496
30498
30500
30502
30504
30506
30508
30510
30512
30514
30516
30518
30520
30522
30524
30526
30528
30530
30532
30534
30536
30538
30540
30542
30544
30546
30548
30550
30552
30554
30556
30558
30560
30562
30564
30566
30568
30570
30572
30574
30576
30578
30580
30582
30584
30586
30588
30590
30592
30594
30596
30598
30600
30602
30604
30606
30608
30610
30612
30614
30616
30618
30620
30622
30624
30626
30628
30630
30632
30634
30636
30638
30640
30642
30644
30646
30648
30650
30652
30654
30656
30658
30660
30662
30664
30666
30668
30670
30672
30674
30676
30678
30680
30682
30684
30686
30688
30690
30692
30694
30696
30698
30700
30702
30704
30706
30708
30710
30712
30714
30716
30718
30720
30722
30724
30726
30728
30730
30732
30734
30736
30738
30740
30742
30744
30746
30748
30750
30752
30754
30756
30758
30760
30762
30764
30766
30768
30770
30772
30774
30776
30778
30780
30782
30784
30786
30788
30790
30792
30794
30796
30798
30800
30802
30804
30806
30808
30810
30812
30814
30816
30818
30820
30822
30824
30826
30828
30830
30832
30834
30836
30838
30840
30842
30844
30846
30848
30850
30852
30854
30856
30858
30860
30862
30864
30866
30868
30870
30872
30874
30876
30878
30880
30882
30884
30886
30888
30890
30892
30894
30896
30898
30900
30902
30904
30906
30908
30910
30912
30914
30916
30918
30920
30922
30924
30926
30928
30930
30932
30934
30936
30938
30940
30942
30944
30946
30948
30950
30952
30954
30956
30958
30960
30962
30964
30966
30968
30970
30972
30974
30976
30978
30980
30982
30984
30986
30988
30990
30992
30994
30996
30998
31000
31002
31004
31006
31008
31010
31012
31014
31016
31018
31020
31022
31024
31026
31028
31030
31032
31034
31036
31038
31040
31042
31044
31046
31048
31050
31052
31054
31056
31058
31060
31062
31064
31066
31068
31070
31072
31074
31076
31078
31080
31082
31084
31086
31088
31090
31092
31094
31096
31098
31100
31102
31104
31106
31108
31110
31112
31114
31116
31118
31120
31122
31124
31126
31128
31130
31132
31134
31136
31138
31140
31142
31144
31146
31148
31150
31152
31154
31156
31158
31160
31162
31164
31166
31168
31170
31172
31174
31176
31178
31180
31182
31184
31186
31188
31190
31192
31194
31196
31198
31200
31202
31204
31206
31208
31210
31212
31214
31216
31218
31220
31222
31224
31226
31228
31230
31232
31234
31236
31238
31240
31242
31244
31246
31248
31250
31252
31254
31256
31258
31260
31262
31264
31266
31268
31270
31272
31274
31276
31278
31280
31282
31284
31286
31288
31290
31292
31294
31296
31298
31300
31302
31304
31306
31308
31310
31312
31314
31316
31318
31320
31322
31324
31326
31328
31330
31332
31334
31336
31338
31340
31342
31344
31346
31348
31350
31352
31354
31356
31358
31360
31362
31364
31366
31368
31370
31372
31374
31376
31378
31380
31382
31384
31386
31388
31390
31392
31394
31396
31398
31400
31402
31404
31406
31408
31410
31412
31414
31416
31418
31420
31422
31424
31426
31428
31430
31432
31434
31436
31438
31440
31442
31444
31446
31448
31450
31452
31454
31456
31458
31460
31462
31464
31466
31468
31470
31472
31474
31476
31478
31480
31482
31484
31486
31488
31490
31492
31494
31496
31498
31500
31502
31504
31506
31508
31510
31512
31514
31516
31518
31520
31522
31524
31526
31528
31530
31532
31534
31536
31538
31540
31542
31544
31546
31548
31550
31552
31554
31556
31558
31560
31562
31564
31566
31568
31570
31572
31574
31576
31578
31580
31582
31584
31586
31588
31590
31592
31594
31596
31598
31600
31602
31604
31606
31608
31610
31612
31614
31616
31618
31620
31622
31624
31626
31628
31630
31632
31634
31636
31638
31640
31642
31644
31646
31648
31650
31652
31654
31656
31658
31660
31662
31664
31666
31668
31670
31672
31674
31676
31678
31680
31682
31684
31686
31688
31690
31692
31694
31696
31698
31700
31702
31704
31706
31708
31710
31712
31714
31716
31718
31720
31722
31724
31726
31728
31730
31732
31734
31736
31738
31740
31742
31744
31746
31748
31750
31752
31754
31756
31758
31760
31762
31764
31766
31768
31770
31772
31774
31776
31778
31780
31782
31784
31786
31788
31790
31792
31794
31796
31798
31800
31802
31804
31806
31808
31810
31812
31814
31816
31818
31820
31822
31824
31826
31828
31830
31832
31834
31836
31838
31840
31842
31844
31846
31848
31850
31852
31854
31856
31858
31860
31862
31864
31866
31868
31870
31872
31874
31876
31878
31880
31882
31884
31886
31888
31890
31892
31894
31896
31898
31900
31902
31904
31906
31908
31910
31912
31914
31916
31918
31920
31922
31924
31926
31928
31930
31932
31934
31936
31938
31940
31942
31944
31946
31948
31950
31952
31954
31956
31958
31960
31962
31964
31966
31968
31970
31972
31974
31976
31978
31980
31982
31984
31986
31988
31990
31992
31994
31996
31998
32000
32002
32004
32006
32008
32010
32012
32014
32016
32018
32020
32022
32024
32026
32028
32030
32032
32034
32036
32038
32040
32042
32044
32046
32048
32050
32052
32054
32056
32058
32060
32062
32064
32066
32068
32070
32072
32074
32076
32078
32080
32082
32084
32086
32088
32090
32092
32094
32096
32098
32100
32102
32104
32106
32108
32110
32112
32114
32116
32118
32120
32122
32124
32126
32128
32130
32132
32134
32136
32138
32140
32142
32144
32146
32148
32150
32152
32154
32156
32158
32160
32162
32164
32166
32168
32170
32172
32174
32176
32178
32180
32182
32184
32186
32188
32190
32192
32194
32196
32198
32200
32202
32204
32206
32208
32210
32212
32214
32216
32218
32220
32222
32224
32226
32228
32230
32232
32234
32236
32238
32240
32242
32244
32246
32248
32250
32252
32254
32256
32258
32260
32262
32264
32266
32268
32270
32272
32274
32276
32278
32280
32282
32284
32286
32288
32290
32292
32294
32296
32298
32300
32302
32304
32306
32308
32310
32312
32314
32316
32318
32320
32322
32324
32326
32328
32330
32332
32334
32336
32338
32340
32342
32344
32346
32348
32350
32352
32354
32356
32358
32360
32362
32364
32366
32368
32370
32372
32374
32376
32378
32380
32382
32384
32386
32388
32390
32392
32394
32396
32398
32400
32402
32404
32406
32408
32410
32412
32414
32416
32418
32420
32422
32424
32426
32428
32430
32432
32434
32436
32438
32440
32442
32444
32446
32448
32450
32452
32454
32456
32458
32460
32462
32464
32466
32468
32470
32472
32474
32476
32478
32480
32482
32484
32486
32488
32490
32492
32494
32496
32498
32500
32502
32504
32506
32508
32510
32512
32514
32516
32518
32520
32522
32524
32526
32528
32530
32532
32534
32536
32538
32540
32542
32544
32546
32548
32550
32552
32554
32556
32558
32560
32562
32564
32566
32568
32570
32572
32574
32576
32578
32580
32582
32584
32586
32588
32590
32592
32594
32596
32598
32600
32602
32604
32606
32608
32610
32612
32614
32616
32618
32620
32622
32624
32626
32628
32630
32632
32634
32636
32638
32640
32642
32644
32646
32648
32650
32652
32654
32656
32658
32660
32662
32664
32666
32668
32670
32672
32674
32676
32678
32680
32682
32684
32686
32688
32690
32692
32694
32696
32698
32700
32702
32704
32706
32708
32710
32712
32714
32716
32718
32720
32722
32724
32726
32728
32730
32732
32734
32736
32738
32740
32742
32744
32746
32748
32750
32752
32754
32756
32758
32760
32762
32764
32766
32768
32770
32772
32774
32776
32778
32780
32782
32784
32786
32788
32790
32792
32794
32796
32798
32800
32802
32804
32806
32808
32810
32812
32814
32816
32818
32820
32822
32824
32826
32828
32830
32832
32834
32836
32838
32840
32842
32844
32846
32848
32850
32852
32854
32856
32858
32860
32862
32864
32866
32868
32870
32872
32874
32876
32878
32880
32882
32884
32886
32888
32890
32892
32894
32896
32898
32900
32902
32904
32906
32908
32910
32912
32914
32916
32918
32920
32922
32924
32926
32928
32930
32932
32934
32936
32938
32940
32942
32944
32946
32948
32950
32952
32954
32956
32958
32960
32962
32964
32966
32968
32970
32972
32974
32976
32978
32980
32982
32984
32986
32988
32990
32992
32994
32996
32998
33000
33002
33004
33006
33008
33010
33012
33014
33016
33018
33020
33022
33024
33026
33028
33030
33032
33034
33036
33038
33040
33042
33044
33046
33048
33050
33052
33054
33056
33058
33060
33062
33064
33066
33068
33070
33072
33074
33076
33078
33080
33082
33084
33086
33088
33090
33092
33094
33096
33098
33100
33102
33104
33106
33108
33110
33112
33114
33116
33118
33120
33122
33124
33126
33128
33130
33132
33134
33136
33138
33140
33142
33144
33146
33148
33150
33152
33154
33156
33158
33160
33162
33164
33166
33168
33170
33172
33174
33176
33178
33180
33182
33184
33186
33188
33190
33192
33194
33196
33198
33200
33202
33204
33206
33208
33210
33212
33214
33216
33218
33220
33222
33224
33226
33228
33230
33232
33234
33236
33238
33240
33242
33244
33246
33248
33250
33252
33254
33256
33258
33260
33262
33264
33266
33268
33270
33272
33274
33276
33278
33280
33282
33284
33286
33288
33290
33292
33294
33296
33298
33300
33302
33304
33306
33308
33310
33312
33314
33316
33318
33320
33322
33324
33326
33328
33330
33332
33334
33336
33338
33340
33342
33344
33346
33348
33350
33352
33354
33356
33358
33360
33362
33364
33366
33368
33370
33372
33374
33376
33378
33380
33382
33384
33386
33388
33390
33392
33394
33396
33398
33400
33402
33404
33406
33408
33410
33412
33414
33416
33418
33420
33422
33424
33426
33428
33430
33432
33434
33436
33438
33440
33442
33444
33446
33448
33450
33452
33454
33456
33458
33460
33462
33464
33466
33468
33470
33472
33474
33476
33478
33480
33482
33484
33486
33488
33490
33492
33494
33496
33498
33500
33502
33504
33506
33508
33510
33512
33514
33516
33518
33520
33522
33524
33526
33528
33530
33532
33534
33536
33538
33540
33542
33544
33546
33548
33550
33552
33554
33556
33558
33560
33562
33564
33566
33568
33570
33572
33574
33576
33578
33580
33582
33584
33586
33588
33590
33592
33594
33596
33598
33600
33602
33604
33606
33608
33610
33612
33614
33616
33618
33620
33622
33624
33626
33628
33630
33632
33634
33636
33638
33640
33642
33644
33646
33648
33650
33652
33654
33656
33658
33660
33662
33664
33666
33668
33670
33672
33674
33676
33678
33680
33682
33684
33686
33688
33690
33692
33694
33696
33698
33700
33702
33704
33706
33708
33710
33712
33714
33716
33718
33720
33722
33724
33726
33728
33730
33732
33734
33736
33738
33740
33742
33744
33746
33748
33750
33752
33754
33756
33758
33760
33762
33764
33766
33768
33770
33772
33774
33776
33778
33780
33782
33784
33786
33788
33790
33792
33794
33796
33798
33800
33802
33804
33806
33808
33810
33812
33814
33816
33818
33820
33822
33824
33826
33828
33830
33832
33834
33836
33838
33840
33842
33844
33846
33848
33850
33852
33854
33856
33858
33860
33862
33864
33866
33868
33870
33872
33874
33876
33878
33880
33882
33884
33886
33888
33890
33892
33894
33896
33898
33900
33902
33904
33906
33908
33910
33912
33914
33916
33918
33920
33922
33924
33926
33928
33930
33932
33934
33936
33938
33940
33942
33944
33946
33948
33950
33952
33954
33956
33958
33960
33962
33964
33966
33968
33970
33972
33974
33976
33978
33980
33982
33984
33986
33988
33990
33992
33994
33996
33998
34000
34002
34004
34006
34008
34010
34012
34014
34016
34018
34020
34022
34024
34026
34028
34030
34032
34034
34036
34038
34040
34042
34044
34046
34048
34050
34052
34054
34056
34058
34060
34062
34064
34066
34068
34070
34072
34074
34076
34078
34080
34082
34084
34086
34088
34090
34092
34094
34096
34098
34100
34102
34104
34106
34108
34110
34112
34114
34116
34118
34120
34122
34124
34126
34128
34130
34132
34134
34136
34138
34140
34142
34144
34146
34148
34150
34152
34154
34156
34158
34160
34162
34164
34166
34168
34170
34172
34174
34176
34178
34180
34182
34184
34186
34188
34190
34192
34194
34196
34198
34200
34202
34204
34206
34208
34210
34212
34214
34216
34218
34220
34222
34224
34226
34228
34230
34232
34234
34236
34238
34240
34242
34244
34246
34248
34250
34252
34254
34256
34258
34260
34262
34264
34266
34268
34270
34272
34274
34276
34278
34280
34282
34284
34286
34288
34290
34292
34294
34296
34298
34300
34302
34304
34306
34308
34310
34312
34314
34316
34318
34320
34322
34324
34326
34328
34330
34332
34334
34336
34338
34340
34342
34344
34346
34348
34350
34352
34354
34356
34358
34360
34362
34364
34366
34368
34370
34372
34374
34376
34378
34380
34382
34384
34386
34388
34390
34392
34394
34396
34398
34400
34402
34404
34406
34408
34410
34412
34414
34416
34418
34420
34422
34424
34426
34428
34430
34432
34434
34436
34438
34440
34442
34444
34446
34448
34450
34452
34454
34456
34458
34460
34462
34464
34466
34468
34470
34472
34474
34476
34478
34480
34482
34484
34486
34488
34490
34492
34494
34496
34498
34500
34502
34504
34506
34508
34510
34512
34514
34516
34518
34520
34522
34524
34526
34528
34530
34532
34534
34536
34538
34540
34542
34544
34546
34548
34550
34552
34554
34556
34558
34560
34562
34564
34566
34568
34570
34572
34574
34576
34578
34580
34582
34584
34586
34588
34590
34592
34594
34596
34598
34600
34602
34604
34606
34608
34610
34612
34614
34616
34618
34620
34622
34624
34626
34628
34630
34632
34634
34636
34638
34640
34642
34644
34646
34648
34650
34652
34654
34656
34658
34660
34662
34664
34666
34668
34670
34672
34674
34676
34678
34680
34682
34684
34686
34688
34690
34692
34694
34696
34698
34700
34702
34704
34706
34708
34710
34712
34714
34716
34718
34720
34722
34724
34726
34728
34730
34732
34734
34736
34738
34740
34742
34744
34746
34748
34750
34752
34754
34756
34758
34760
34762
34764
34766
34768
34770
34772
34774
34776
34778
34780
34782
34784
34786
34788
34790
34792
34794
34796
34798
34800
34802
34804
34806
34808
34810
34812
34814
34816
34818
34820
34822
34824
34826
34828
34830
34832
34834
34836
34838
34840
34842
34844
34846
34848
34850
34852
34854
34856
34858
34860
34862
34864
34866
34868
34870
34872
34874
34876
34878
34880
34882
34884
34886
34888
34890
34892
34894
34896
34898
34900
34902
34904
34906
34908
34910
34912
34914
34916
34918
34920
34922
34924
34926
34928
34930
34932
34934
34936
34938
34940
34942
34944
34946
34948
34950
34952
34954
34956
34958
34960
34962
34964
34966
34968
34970
34972
34974
34976
34978
34980
34982
34984
34986
34988
34990
34992
34994
34996
34998
35000
35002
35004
35006
35008
35010
35012
35014
35016
35018
35020
35022
35024
35026
35028
35030
35032
35034
35036
35038
35040
35042
35044
35046
35048
35050
35052
35054
35056
35058
35060
35062
35064
35066
35068
35070
35072
35074
35076
35078
35080
35082
35084
35086
35088
35090
35092
35094
35096
35098
35100
35102
35104
35106
35108
35110
35112
35114
35116
35118
35120
35122
35124
35126
35128
35130
35132
35134
35136
35138
35140
35142
35144
35146
35148
35150
35152
35154
35156
35158
35160
35162
35164
35166
35168
35170
35172
35174
35176
35178
35180
35182
35184
35186
35188
35190
35192
35194
35196
35198
35200
35202
35204
35206
35208
35210
35212
35214
35216
35218
35220
35222
35224
35226
35228
35230
35232
35234
35236
35238
35240
35242
35244
35246
35248
35250
35252
35254
35256
35258
35260
35262
35264
35266
35268
35270
35272
35274
35276
35278
35280
35282
35284
35286
35288
35290
35292
35294
35296
35298
35300
35302
35304
35306
35308
35310
35312
35314
35316
35318
35320
35322
35324
35326
35328
35330
35332
35334
35336
35338
35340
35342
35344
35346
35348
35350
35352
35354
35356
35358
35360
35362
35364
35366
35368
35370
35372
35374
35376
35378
35380
35382
35384
35386
35388
35390
35392
35394
35396
35398
35400
35402
35404
35406
35408
35410
35412
35414
35416
35418
35420
35422
35424
35426
35428
35430
35432
35434
35436
35438
35440
35442
35444
35446
35448
35450
35452
35454
35456
35458
35460
35462
35464
35466
35468
35470
35472
35474
35476
35478
35480
35482
35484
35486
35488
35490
35492
35494
35496
35498
35500
35502
35504
35506
35508
35510
35512
35514
35516
35518
35520
35522
35524
35526
35528
35530
35532
35534
35536
35538
35540
35542
35544
35546
35548
35550
35552
35554
35556
35558
35560
35562
35564
35566
35568
35570
35572
35574
35576
35578
35580
35582
35584
35586
35588
35590
35592
35594
35596
35598
35600
35602
35604
35606
35608
35610
35612
35614
35616
35618
35620
35622
35624
35626
35628
35630
35632
35634
35636
35638
35640
35642
35644
35646
35648
35650
35652
35654
35656
35658
35660
35662
35664
35666
35668
35670
35672
35674
35676
35678
35680
35682
35684
35686
35688
35690
35692
35694
35696
35698
35700
35702
35704
35706
35708
35710
35712
35714
35716
35718
35720
35722
35724
35726
35728
35730
35732
35734
35736
35738
35740
35742
35744
35746
35748
35750
35752
35754
35756
35758
35760
35762
35764
35766
35768
35770
35772
35774
35776
35778
35780
35782
35784
35786
35788
35790
35792
35794
35796
35798
35800
35802
35804
35806
35808
35810
35812
35814
35816
35818
35820
35822
35824
35826
35828
35830
35832
35834
35836
35838
35840
35842
35844
35846
35848
35850
35852
35854
35856
35858
35860
35862
35864
35866
35868
35870
35872
35874
35876
35878
35880
35882
35884
35886
35888
35890
35892
35894
35896
35898
35900
35902
35904
35906
35908
35910
35912
35914
35916
35918
35920
35922
35924
35926
35928
35930
35932
35934
35936
35938
35940
35942
35944
35946
35948
35950
35952
35954
35956
35958
35960
35962
35964
35966
35968
35970
35972
35974
35976
35978
35980
35982
35984
35986
35988
35990
35992
35994
35996
35998
36000
36002
36004
36006
36008
36010
36012
36014
36016
36018
36020
36022
36024
36026
36028
36030
36032
36034
36036
36038
36040
36042
36044
36046
36048
36050
36052
36054
36056
36058
36060
36062
36064
36066
36068
36070
36072
36074
36076
36078
36080
36082
36084
36086
36088
36090
36092
36094
36096
36098
36100
36102
36104
36106
36108
36110
36112
36114
36116
36118
36120
36122
36124
36126
36128
36130
36132
36134
36136
36138
36140
36142
36144
36146
36148
36150
36152
36154
36156
36158
36160
36162
36164
36166
36168
36170
36172
36174
36176
36178
36180
36182
36184
36186
36188
36190
36192
36194
36196
36198
36200
36202
36204
36206
36208
36210
36212
36214
36216
36218
36220
36222
36224
36226
36228
36230
36232
36234
36236
36238
36240
36242
36244
36246
36248
36250
36252
36254
36256
36258
36260
36262
36264
36266
36268
36270
36272
36274
36276
36278
36280
36282
36284
36286
36288
36290
36292
36294
36296
36298
36300
36302
36304
36306
36308
36310
36312
36314
36316
36318
36320
36322
36324
36326
36328
36330
36332
36334
36336
36338
36340
36342
36344
36346
36348
36350
36352
36354
36356
36358
36360
36362
36364
36366
36368
36370
36372
36374
36376
36378
36380
36382
36384
36386
36388
36390
36392
36394
36396
36398
36400
36402
36404
36406
36408
36410
36412
36414
36416
36418
36420
36422
36424
36426
36428
36430
36432
36434
36436
36438
36440
36442
36444
36446
36448
36450
36452
36454
36456
36458
36460
36462
36464
36466
36468
36470
36472
36474
36476
36478
36480
36482
36484
36486
36488
36490
36492
36494
36496
36498
36500
36502
36504
36506
36508
36510
36512
36514
36516
36518
36520
36522
36524
36526
36528
36530
36532
36534
36536
36538
36540
36542
36544
36546
36548
36550
36552
36554
36556
36558
36560
36562
36564
36566
36568
36570
36572
36574
36576
36578
36580
36582
36584
36586
36588
36590
36592
36594
36596
36598
36600
36602
36604
36606
36608
36610
36612
36614
36616
36618
36620
36622
36624
36626
36628
36630
36632
36634
36636
36638
36640
36642
36644
36646
36648
36650
36652
36654
36656
36658
36660
36662
36664
36666
36668
36670
36672
36674
36676
36678
36680
36682
36684
36686
36688
36690
36692
36694
36696
36698
36700
36702
36704
36706
36708
36710
36712
36714
36716
36718
36720
36722
36724
36726
36728
36730
36732
36734
36736
36738
36740
36742
36744
36746
36748
36750
36752
36754
36756
36758
36760
36762
36764
36766
36768
36770
36772
36774
36776
36778
36780
36782
36784
36786
36788
36790
36792
36794
36796
36798
36800
36802
36804
36806
36808
36810
36812
36814
36816
36818
36820
36822
36824
36826
36828
36830
36832
36834
36836
36838
36840
36842
36844
36846
36848
36850
36852
36854
36856
36858
36860
36862
36864
36866
36868
36870
36872
36874
36876
36878
36880
36882
36884
36886
36888
36890
36892
36894
36896
36898
36900
36902
36904
36906
36908
36910
36912
36914
36916
36918
36920
36922
36924
36926
36928
36930
36932
36934
36936
36938
36940
36942
36944
36946
36948
36950
36952
36954
36956
36958
36960
36962
36964
36966
36968
36970
36972
36974
36976
36978
36980
36982
36984
36986
36988
36990
36992
36994
36996
36998
37000
37002
37004
37006
37008
37010
37012
37014
37016
37018
37020
37022
37024
37026
37028
37030
37032
37034
37036
37038
37040
37042
37044
37046
37048
37050
37052
37054
37056
37058
37060
37062
37064
37066
37068
37070
37072
37074
37076
37078
37080
37082
37084
37086
37088
37090
37092
37094
37096
37098
37100
37102
37104
37106
37108
37110
37112
37114
37116
37118
37120
37122
37124
37126
37128
37130
37132
37134
37136
37138
37140
37142
37144
37146
37148
37150
37152
37154
37156
37158
37160
37162
37164
37166
37168
37170
37172
37174
37176
37178
37180
37182
37184
37186
37188
37190
37192
37194
37196
37198
37200
37202
37204
37206
37208
37210
37212
37214
37216
37218
37220
37222
37224
37226
37228
37230
37232
37234
37236
37238
37240
37242
37244
37246
37248
37250
37252
37254
37256
37258
37260
37262
37264
37266
37268
37270
37272
37274
37276
37278
37280
37282
37284
37286
37288
37290
37292
37294
37296
37298
37300
37302
37304
37306
37308
37310
37312
37314
37316
37318
37320
37322
37324
37326
37328
37330
37332
37334
37336
37338
37340
37342
37344
37346
37348
37350
37352
37354
37356
37358
37360
37362
37364
37366
37368
37370
37372
37374
37376
